p, 33.823693, -115.210932, 1722.181, 37.97, 1546593093.0, 13.0, s
q, 32.784863, -98.886135, 4047.5820000000003, 7.38, 1546307468.0, 695.0, s
s, 43.320209999999996, -81.553502, 6433.703, 43.72, 1545348452.0, 413.0, s
o, 25.869797, -71.317809, 1546.0810000000001, 20.61, 1545778310.0, 782.0, s
q, 36.130722999999996, -80.835401, 1165.581, 12.75, 1545395332.0, 613.0, s
j, 37.407479, -78.54158600000001, 4163.057, 36.839999999999996, 1546039236.0, 913.0, s
b, 28.383664, -103.481865, 3758.101, 26.67, 1545552070.0, 72.0, s
j, 30.64261, -112.111831, 3449.401, 31.37, 1546628602.0, 868.0, s
a, 36.375508, -101.95313499999999, 5085.789, 6.48, 1546685827.0, 34.0, s
c, 26.28162, -97.948299, 2199.715, 31.28, 1545956874.0, 909.0, s
g, 42.035903000000005, -119.394523, 2275.6710000000003, 30.87, 1545666602.0, 496.0, s
b, 31.619898, -114.565131, 6662.9929999999995, 35.129999999999995, 1546676311.0, 629.0, s
z, 28.196476, -97.021082, 2310.471, 12.13, 1545406534.0, 13.0, s
p, 45.037392000000004, -86.736385, 5907.829000000001, 25.05, 1545713002.0, 326.0, s
f, 30.225831000000003, -87.623033, 4924.000999999999, 36.32, 1546450842.0, 396.0, s
z, 33.727115, -100.502548, 4935.053, 5.39, 1546188258.0, 500.0, s
q, 29.602212, -114.207099, 2452.526, 34.84, 1545683510.0, 439.0, s
i, 34.418344, -82.463993, 6422.0869999999995, 13.78, 1546167497.0, 1029.0, s
f, 33.867312, -105.718191, 828.079, 9.92, 1546536997.0, 63.0, s
e, 32.558462999999996, -102.117877, 6172.255, 17.82, 1546816451.0, 481.0, s
g, 49.361778, -105.997113, 3814.456, 42.279999999999994, 1545716224.0, 609.0, s
c, 49.876945, -116.903612, 3617.1240000000003, 37.42, 1546177175.0, 994.0, s
t, 27.80689, -84.410928, 3357.616, 11.27, 1545423768.0, 193.0, s
f, 37.951496999999996, -113.963775, 936.356, 44.65, 1545340973.0, 1005.0, s
x, 44.238558, -96.103228, 3772.401, 28.95, 1545310456.0, 48.0, s
v, 27.531268, -93.33903699999999, 3491.27, 33.83, 1545540117.0, 590.0, s
r, 31.776237, -83.496422, 1059.171, 40.940000000000005, 1546659396.0, 871.0, s
t, 35.227302, -104.166657, 4824.089, 22.62, 1545775889.0, 73.0, s
n, 40.271594, -74.188815, 6693.323, 14.629999999999999, 1545595425.0, 256.0, s
e, 44.463453, -83.628194, 943.154, 5.970000000000001, 1546555140.0, 492.0, s
a, 42.042977, -123.293642, 6039.601, 44.77, 1545355214.0, 89.0, s
c, 46.871764999999996, -94.733876, 451.782, 29.94, 1545507673.0, 676.0, s
p, 31.763818999999998, -68.69729099999999, 4017.739, 17.919999999999998, 1545345944.0, 194.0, s
d, 35.280263, -74.77074999999999, 3668.931, 33.22, 1546316757.0, 451.0, s
k, 48.279144, -82.708704, 4107.755999999999, 27.82, 1546692732.0, 486.0, s
i, 32.95928, -105.635821, 4202.496, 20.94, 1545890313.0, 157.0, s
t, 31.014555, -82.536888, 3479.224, 31.72, 1545911644.0, 67.0, s
z, 48.25122, -83.305997, 993.108, 41.59, 1545792747.0, 867.0, s
k, 26.521499000000002, -114.793514, 5941.458, 17.73, 1545478994.0, 172.0, s
n, 44.311223999999996, -80.242884, 4649.41, 39.559999999999995, 1546487360.0, 895.0, s
m, 44.989012, -108.056433, 1516.307, 31.07, 1545499373.0, 762.0, s
s, 49.121641000000004, -109.11581199999999, 3958.212, 37.21, 1546040029.0, 483.0, s
i, 42.188299, -116.735961, 4267.169, 39.27, 1546723774.0, 39.0, s
g, 46.659951, -84.27952900000001, 237.537, 14.49, 1546464676.0, 504.0, s
t, 27.972994, -71.254607, 5704.002, 17.6, 1546119458.0, 743.0, s
m, 37.430232000000004, -110.584214, 2217.584, 12.08, 1545796554.0, 546.0, s
y, 32.961225, -90.955944, 2402.774, 20.1, 1546662307.0, 400.0, s
v, 41.187487999999995, -75.840254, 5846.621, 16.57, 1545697222.0, 867.0, s
r, 34.422483, -99.941459, 2975.577, 9.17, 1546617333.0, 28.0, s
b, 46.877235, -76.769767, 2103.397, 21.93, 1545316581.0, 502.0, s
t, 27.997484, -117.85361499999999, 4468.423000000001, 44.4, 1546076401.0, 320.0, s
f, 42.430226999999995, -119.929108, 4077.8880000000004, 26.15, 1546450670.0, 613.0, s
r, 49.949956, -103.260312, 5070.327, 14.620000000000001, 1546515102.0, 1022.0, s
e, 35.898701, -69.196252, 3017.755, 35.36, 1546898339.0, 912.0, s
s, 49.550438, -112.300613, 2538.477, 33.64, 1546081099.0, 71.0, s
v, 46.609296, -108.88404799999999, 5933.224, 44.550000000000004, 1546443374.0, 345.0, s
n, 27.390169, -120.51817000000001, 1805.3400000000001, 8.25, 1546200148.0, 331.0, s
h, 38.298453, -111.71013599999999, 1007.2760000000001, 37.41, 1546809665.0, 377.0, s
l, 42.288081, -119.813333, 1525.9789999999998, 17.8, 1545317809.0, 752.0, s
e, 33.73051, -96.231384, 513.073, 10.95, 1546263731.0, 549.0, s
r, 26.603756, -88.295133, 6688.399, 35.08, 1546146721.0, 13.0, s
r, 38.053748000000006, -107.845401, 2668.685, 17.54, 1545583732.0, 762.0, s
m, 45.825572, -84.505392, 1232.47, 11.59, 1545436659.0, 908.0, s
j, 38.594166, -71.590378, 6028.01, 21.83, 1546225503.0, 545.0, s
e, 45.185001, -82.550635, 3620.2340000000004, 42.440000000000005, 1546687172.0, 241.0, s
q, 30.373575, -71.08807599999999, 3208.252, 38.18, 1545828437.0, 749.0, s
r, 44.26292, -71.335621, 6542.416, 16.54, 1545630707.0, 41.0, s
h, 28.473070999999997, -96.318013, 5201.791, 19.78, 1546425213.0, 91.0, s
v, 35.7429, -98.650563, 1225.9279999999999, 18.18, 1545377436.0, 296.0, s
o, 33.965976999999995, -108.86893099999999, 5325.592, 14.03, 1546877405.0, 82.0, s
j, 30.985344, -91.485198, 4634.379, 13.19, 1545702934.0, 387.0, s
t, 26.813285, -93.088961, 5699.2970000000005, 6.25, 1546839061.0, 107.0, s
j, 36.478374, -78.94862, 4809.946, 22.09, 1546897452.0, 28.0, s
a, 45.709638, -88.732367, 1987.4450000000002, 17.55, 1546135429.0, 998.0, s
c, 28.182384000000003, -81.7047, 1121.393, 8.549999999999999, 1546547780.0, 654.0, s
s, 49.396330000000006, -73.233875, 3663.73, 26.67, 1546706977.0, 736.0, s
j, 41.414642, -96.197688, 229.51600000000002, 8.98, 1546268202.0, 947.0, s
r, 48.260305, -80.20887300000001, 6664.163, 19.01, 1546307740.0, 525.0, s
c, 28.901262, -86.235249, 1073.126, 31.53, 1546456922.0, 51.0, s
z, 26.697938, -96.79216, 1719.777, 7.12, 1545560187.0, 588.0, s
q, 25.964468, -98.596687, 1309.63, 10.350000000000001, 1545322741.0, 425.0, s
t, 42.332826, -105.53786299999999, 6396.097, 20.44, 1545751801.0, 79.0, s
x, 41.378042, -100.10627, 303.70300000000003, 14.120000000000001, 1545978392.0, 567.0, s
d, 40.970572, -74.85177800000001, 526.521, 45.4, 1545804070.0, 960.0, s
a, 29.606117, -110.115641, 4457.541, 21.16, 1545385767.0, 77.0, s
y, 41.755147, -77.87831, 5560.771, 25.18, 1545853827.0, 160.0, s
j, 47.791852000000006, -89.053436, 1548.765, 29.580000000000002, 1546722915.0, 215.0, s
j, 35.814823000000004, -77.26832900000001, 2617.415, 41.89, 1545362844.0, 601.0, s
w, 40.562981, -68.24257700000001, 2444.17, 35.309999999999995, 1546456730.0, 97.0, s
i, 47.296395, -119.304244, 4586.908, 44.660000000000004, 1546153225.0, 147.0, s
m, 32.187067, -77.202727, 6314.794, 33.98, 1545500174.0, 96.0, s
k, 38.02815, -73.53607000000001, 767.8879999999999, 32.44, 1546889724.0, 716.0, s
o, 27.180367999999998, -96.304921, 2680.882, 21.39, 1546374905.0, 85.0, s
p, 33.281713, -107.958477, 2801.107, 13.46, 1545349728.0, 462.0, s
j, 38.902253, -116.07590300000001, 5659.294, 21.56, 1546911596.0, 423.0, s
k, 47.127559000000005, -98.992243, 2.4829999999999997, 42.44, 1546365977.0, 695.0, s
q, 29.533876, -91.890259, 4106.997, 28.27, 1545888617.0, 80.0, s
k, 37.015731, -116.743134, 1286.796, 14.39, 1545853260.0, 309.0, s
m, 44.654522, -98.88943599999999, 6429.014, 16.52, 1545812585.0, 76.0, s
v, 33.657731, -77.235662, 3661.668, 33.33, 1545816254.0, 528.0, s
h, 35.826049000000005, -82.603509, 1169.123, 37.980000000000004, 1545790537.0, 506.0, s
p, 29.924198999999998, -70.821667, 4142.501, 36.22, 1546867351.0, 305.0, s
y, 26.712865, -85.758604, 2308.147, 22.69, 1545285811.0, 94.0, s
n, 36.46378300000001, -106.85860699999999, 6041.875, 35.339999999999996, 1546732774.0, 625.0, s
q, 49.904893, -72.44377899999999, 3533.945, 19.71, 1546122811.0, 442.0, s
h, 29.732907, -108.55058100000001, 3126.7160000000003, 21.4, 1546043838.0, 925.0, s
k, 34.546655, -69.15928100000001, 6883.031999999999, 6.3500000000000005, 1546893728.0, 744.0, s
m, 41.124689, -82.57729400000001, 474.08, 34.019999999999996, 1546566382.0, 313.0, s
f, 29.400384, -73.793743, 5374.379, 37.4, 1546696913.0, 83.0, s
d, 44.16565, -102.411871, 2643.401, 23.62, 1545379173.0, 581.0, s
e, 28.301043, -81.521638, 4778.264, 24.959999999999997, 1545576377.0, 169.0, s
c, 33.977363000000004, -119.46335099999999, 1112.856, 29.6, 1546448306.0, 245.0, s
p, 27.522476, -101.546114, 2576.191, 9.91, 1546265450.0, 1044.0, s
w, 26.334799, -81.238652, 6007.365, 8.93, 1546192058.0, 881.0, s
b, 29.51578, -125.08397, 1748.525, 16.77, 1545300697.0, 95.0, s
z, 25.564692, -118.229737, 3808.826, 21.15, 1545370777.0, 521.0, s
v, 44.542727, -114.81832100000001, 3465.1789999999996, 10.65, 1545553689.0, 126.0, s
y, 35.496062, -112.201319, 6742.883000000001, 12.97, 1545529941.0, 218.0, s
c, 39.579625, -112.280419, 214.971, 19.330000000000002, 1546268384.0, 72.0, s
j, 33.752704, -99.82998, 6732.621, 15.319999999999999, 1546467803.0, 150.0, s
g, 45.620858, -100.230229, 1702.841, 10.41, 1546322503.0, 16.0, s
h, 34.789337, -89.860056, 1499.71, 33.93, 1546754556.0, 982.0, s
i, 33.997107, -72.78133399999999, 6109.326, 41.03, 1546326906.0, 974.0, s
o, 29.793769, -91.839212, 71.38900000000001, 22.45, 1546578826.0, 882.0, s
n, 28.40831, -77.188249, 432.685, 33.97, 1545410122.0, 753.0, s
f, 47.926697, -74.8452, 2184.333, 22.28, 1546516841.0, 433.0, s
z, 27.457304, -101.035392, 3193.104, 13.25, 1546486465.0, 86.0, s
x, 30.446046000000003, -94.729531, 872.551, 20.369999999999997, 1545365017.0, 768.0, s
r, 46.919543, -70.57614699999999, 3846.146, 42.190000000000005, 1546224050.0, 502.0, s
r, 33.220596, -125.019087, 6880.181, 19.42, 1546082372.0, 336.0, s
i, 41.978096, -79.401001, 5084.61, 45.53, 1546557172.0, 793.0, s
h, 36.007985, -97.161227, 6669.750999999999, 42.07, 1545833370.0, 902.0, s
q, 33.380559, -106.74997, 5837.729, 29.06, 1546347041.0, 53.0, s
l, 45.41587, -111.212037, 1768.27, 22.18, 1546895682.0, 701.0, s
b, 43.4649, -71.430582, 2228.208, 12.56, 1546024847.0, 703.0, s
b, 25.931757, -83.741349, 3749.758, 34.05, 1546098723.0, 196.0, s
b, 26.132042, -116.932003, 2302.924, 14.35, 1545638862.0, 629.0, s
c, 49.388126, -109.07316900000001, 2020.273, 18.68, 1545693820.0, 106.0, s
n, 26.159821, -122.655336, 3979.606, 25.04, 1545534445.0, 53.0, s
v, 32.623716, -94.301256, 1165.255, 37.19, 1546616292.0, 932.0, s
p, 44.92953, -77.673075, 6257.283, 9.34, 1545677367.0, 914.0, s
k, 32.640777, -87.775014, 1662.129, 17.01, 1545426574.0, 590.0, s
r, 40.034506, -68.35176399999999, 5675.665, 23.66, 1545506484.0, 731.0, s
h, 26.03895, -103.370348, 1491.963, 10.35, 1546435222.0, 642.0, s
y, 36.979539, -71.038693, 5814.479, 6.2, 1546541141.0, 59.0, s
h, 48.789675, -83.814072, 6015.855, 17.86, 1545556745.0, 508.0, s
k, 43.15626, -94.305718, 5305.713, 6.49, 1546176894.0, 466.0, s
d, 47.167574, -117.64685899999999, 5809.088, 12.89, 1546223154.0, 324.0, s
u, 46.806067, -115.70308, 990.173, 18.240000000000002, 1546595778.0, 1017.0, s
x, 42.51558, -102.61442699999999, 4510.96, 41.480000000000004, 1545615525.0, 974.0, s
m, 34.341884, -95.31251, 5517.334, 27.82, 1546745336.0, 83.0, s
m, 39.410381, -111.605775, 2813.111, 21.48, 1546333936.0, 910.0, s
s, 48.531262000000005, -80.979276, 3799.517, 25.319999999999997, 1546149434.0, 564.0, s
o, 28.962611, -68.279753, 6482.235000000001, 32.68, 1545446193.0, 799.0, s
y, 28.015356, -95.364001, 5054.245, 13.469999999999999, 1545347967.0, 744.0, s
i, 28.286676, -103.198657, 515.1389999999999, 41.61, 1546527551.0, 854.0, s
l, 41.223783, -89.259301, 382.764, 21.91, 1545558467.0, 59.0, s
l, 40.074902, -89.89569900000001, 1487.667, 20.97, 1546774315.0, 403.0, s
w, 32.478947, -101.10213, 1859.769, 16.06, 1546200214.0, 509.0, s
p, 36.492727, -113.910212, 2824.038, 6.8, 1545846377.0, 707.0, s
w, 33.143587, -101.252752, 1282.576, 29.82, 1546531917.0, 851.0, s
o, 30.935981, -68.85785999999999, 2320.562, 38.93, 1545478707.0, 740.0, s
i, 32.448087, -72.142391, 3961.714, 39.65, 1546259078.0, 98.0, s
i, 44.737583, -111.22949299999999, 5742.609, 28.05, 1545629756.0, 713.0, s
p, 42.233477, -70.27059299999999, 4223.709, 17.599999999999998, 1546078175.0, 115.0, s
w, 39.273033, -93.190186, 5989.513, 27.22, 1546208582.0, 932.0, s
t, 34.979345, -82.699849, 6774.417, 40.88, 1546601952.0, 446.0, s
v, 36.348043999999994, -122.404927, 845.137, 20.25, 1545746048.0, 468.0, s
z, 43.971692, -68.029209, 2193.945, 27.63, 1546822666.0, 12.0, s
x, 33.400771, -83.901651, 1577.473, 15.28, 1546005798.0, 944.0, s
f, 41.283898, -106.075434, 6375.0689999999995, 5.01, 1546240232.0, 256.0, s
w, 41.127238, -100.350346, 5079.032, 22.4, 1545345846.0, 1075.0, s
x, 33.037555, -69.000039, 1433.4769999999999, 42.54, 1545590695.0, 396.0, s
t, 40.684645, -110.130877, 3214.932, 25.97, 1546784079.0, 1060.0, s
j, 45.973537, -72.332419, 3231.325, 29.74, 1545470268.0, 93.0, s
j, 36.284881000000006, -112.481135, 366.75, 18.189999999999998, 1546834492.0, 507.0, s
p, 41.636805, -116.48186399999999, 6210.751, 27.97, 1546449179.0, 123.0, s
i, 28.282985, -104.322374, 3635.655, 6.58, 1545781340.0, 549.0, s
u, 39.272536, -120.900235, 2207.487, 16.12, 1545853521.0, 731.0, s
d, 29.244554, -121.800012, 3561.835, 18.75, 1545459206.0, 918.0, s
x, 31.634648, -75.70492, 1857.647, 35.24, 1546740349.0, 45.0, s
j, 39.183594, -115.109786, 232.834, 38.870000000000005, 1546574071.0, 940.0, s
c, 28.682559, -117.40441700000001, 2072.347, 19.04, 1545928180.0, 375.0, s
j, 42.110309, -73.093413, 1340.992, 21.28, 1545872742.0, 989.0, s
r, 37.483778, -98.525338, 4317.746, 43.21, 1546871404.0, 678.0, s
n, 38.073319999999995, -82.822704, 3115.2709999999997, 34.04, 1546748157.0, 638.0, s
n, 38.63863, -84.304284, 1860.457, 19.54, 1545340226.0, 39.0, s
s, 30.579857, -116.738438, 95.16799999999999, 36.17, 1546259016.0, 314.0, s
h, 29.786559, -109.014651, 2820.792, 15.97, 1546294197.0, 318.0, s
o, 42.145192, -105.72481599999999, 5571.013999999999, 36.510000000000005, 1546511691.0, 375.0, s
w, 47.722779, -115.90244600000001, 6901.059, 21.62, 1545812261.0, 692.0, s
e, 32.557950999999996, -111.136616, 4641.447999999999, 30.09, 1545657565.0, 423.0, s
c, 43.660709, -107.141199, 1827.381, 22.62, 1545599681.0, 98.0, s
c, 26.590737, -66.928546, 4659.584, 35.62, 1546822983.0, 496.0, s
c, 38.953238, -114.969394, 6385.016, 32.61, 1545565815.0, 1004.0, s
k, 30.77667, -78.909871, 6212.602, 39.27, 1545378714.0, 361.0, s
o, 47.345752, -115.633655, 6019.112, 39.14, 1545821157.0, 54.0, s
q, 41.316291, -91.99997499999999, 2932.034, 10.16, 1546605891.0, 211.0, s
o, 34.497429, -118.19087, 2869.587, 21.31, 1546891496.0, 95.0, s
i, 38.676677, -88.104234, 5260.432000000001, 40.699999999999996, 1546565615.0, 118.0, s
g, 32.496832, -116.751246, 5618.163, 41.25, 1546224463.0, 922.0, s
b, 47.059779999999996, -68.910946, 577.193, 39.3, 1546613926.0, 1021.0, s
e, 35.585415, -123.51504100000001, 204.012, 37.86, 1546462542.0, 177.0, s
b, 27.237909, -91.73544700000001, 6893.605, 32.59, 1545574592.0, 574.0, s
c, 36.658924, -108.063968, 5199.551, 13.21, 1546645107.0, 18.0, s
c, 34.97064, -67.64659, 6396.277, 37.09, 1545936144.0, 485.0, s
k, 40.100231, -110.836882, 2888.026, 28.15, 1545623362.0, 850.0, s
e, 47.499483, -100.91122399999999, 6236.5560000000005, 14.71, 1545597357.0, 550.0, s
t, 40.143052, -115.952583, 5948.98, 14.91, 1546217225.0, 987.0, s
i, 28.771397999999998, -81.28412, 1616.4730000000002, 45.17, 1545464205.0, 349.0, s
j, 26.442564, -94.799342, 2751.337, 6.54, 1546699500.0, 35.0, s
m, 44.597469, -72.27003500000001, 5973.505999999999, 33.51, 1545778457.0, 599.0, s
t, 31.472488, -80.471007, 16.452, 36.87, 1545953918.0, 324.0, s
s, 26.443812, -80.13202799999999, 3636.113, 39.88, 1545810678.0, 101.0, s
c, 48.400374, -75.701093, 4462.448, 16.19, 1546587222.0, 207.0, s
n, 34.801948, -68.556225, 1264.982, 33.29, 1545480821.0, 469.0, s
u, 46.593572, -81.755887, 2111.494, 26.05, 1546252964.0, 14.0, s
n, 41.168029999999995, -119.49923399999999, 2613.9680000000003, 38.98, 1546211103.0, 160.0, s
p, 37.949338000000004, -104.954148, 296.43399999999997, 14.18, 1545801336.0, 652.0, s
p, 28.059413, -83.84264, 5912.559, 31.31, 1545629924.0, 1041.0, s
w, 28.940612, -80.183756, 6391.678000000001, 18.74, 1546706456.0, 723.0, s
r, 43.752243, -105.036585, 5139.192, 27.07, 1546233726.0, 195.0, s
l, 28.007727, -113.484966, 6981.161, 38.08, 1545410415.0, 58.0, s
p, 31.845952, -118.957806, 5708.11, 31.25, 1546053147.0, 979.0, s
p, 38.095031, -117.832768, 6141.996, 17.009999999999998, 1545484527.0, 493.0, s
v, 46.886125, -104.07936, 1242.308, 28.62, 1546133792.0, 704.0, s
u, 46.960157, -69.84404099999999, 3206.3529999999996, 31.349999999999998, 1546679295.0, 93.0, s
c, 34.538475000000005, -102.506657, 3562.6009999999997, 24.72, 1545643668.0, 1077.0, s
z, 39.608321, -79.027759, 1455.807, 8.37, 1546479293.0, 33.0, s
c, 41.521264, -85.217557, 4.277, 18.479999999999997, 1546666086.0, 665.0, s
m, 28.028510999999998, -104.464201, 4996.406, 36.72, 1546465783.0, 579.0, s
e, 45.749658, -102.637446, 4907.465, 7.18, 1546423453.0, 229.0, s
k, 28.363962, -100.610264, 3054.054, 39.459999999999994, 1545913421.0, 816.0, s
g, 40.459945, -68.543038, 5531.443, 16.39, 1545533694.0, 886.0, s
m, 28.079374, -119.768009, 520.554, 39.98, 1545865660.0, 57.0, s
h, 33.756161999999996, -78.904792, 1432.3, 21.72, 1545672538.0, 368.0, s
v, 45.556408, -113.699915, 865.9269999999999, 27.529999999999998, 1546161177.0, 1062.0, s
f, 47.023184, -111.008135, 3219.044, 34.92, 1545361621.0, 782.0, s
f, 30.845688, -96.51905099999999, 4671.34, 34.05, 1546818792.0, 747.0, s
c, 45.33829, -96.910107, 3930.227, 25.67, 1545574665.0, 460.0, s
w, 28.591173, -106.139392, 2722.335, 43.32, 1546647987.0, 25.0, s
k, 39.204313, -97.32146800000001, 5850.79, 34.33, 1546255396.0, 117.0, s
e, 45.969915, -105.40220799999999, 4474.187999999999, 37.379999999999995, 1546485129.0, 933.0, s
i, 30.438899, -88.878032, 5330.244, 18.82, 1546511579.0, 926.0, s
f, 39.205249, -88.680002, 5851.846, 5.47, 1546515130.0, 430.0, s
u, 36.536286000000004, -83.39267099999999, 3021.4970000000003, 18.630000000000003, 1545782720.0, 754.0, s
m, 26.138123, -111.297418, 2831.965, 12.75, 1545780598.0, 46.0, s
g, 43.102636000000004, -75.126089, 3484.6349999999998, 9.879999999999999, 1546301992.0, 226.0, s
k, 47.36445500000001, -119.540074, 5019.77, 20.05, 1546038402.0, 552.0, s
m, 33.502336, -94.970361, 5692.884999999999, 42.38, 1545766684.0, 428.0, s
l, 48.223584, -103.988148, 6481.128000000001, 22.259999999999998, 1546315250.0, 1001.0, s
i, 46.803862, -104.978025, 4318.005999999999, 15.79, 1546476396.0, 1079.0, s
u, 29.604755, -121.546925, 2399.86, 5.02, 1545378848.0, 76.0, s
q, 42.630784, -84.10375099999999, 6510.238, 25.85, 1546217303.0, 280.0, s
t, 27.928698, -124.63287700000001, 328.25, 27.279999999999998, 1545332624.0, 479.0, s
b, 32.303789, -116.38225899999999, 6166.281, 35.89, 1546508414.0, 504.0, s
e, 32.527735, -70.709392, 4941.889999999999, 25.9, 1546762242.0, 98.0, s
c, 37.921963, -70.59934, 4326.159, 5.8, 1546875215.0, 714.0, s
w, 48.021685, -97.36099, 4921.279, 40.07, 1546809260.0, 33.0, s
b, 48.357773, -101.615119, 1197.654, 34.36, 1545364980.0, 892.0, s
f, 32.464106, -102.197367, 5012.652999999999, 16.22, 1546574056.0, 984.0, s
t, 25.876506, -85.06949999999999, 2595.4809999999998, 29.46, 1546526465.0, 893.0, s
a, 44.648694, -91.833049, 6956.881, 15.32, 1545688751.0, 438.0, s
w, 41.373946, -111.203992, 109.344, 29.77, 1545501925.0, 127.0, s
b, 35.463163, -110.417984, 1801.208, 29.18, 1545765185.0, 92.0, s
a, 30.385302999999997, -77.573539, 4298.635, 26.64, 1546235936.0, 343.0, s
x, 27.893197, -85.325413, 213.6, 32.17, 1546195735.0, 1072.0, s
s, 32.138871, -80.439836, 750.571, 9.780000000000001, 1546103031.0, 222.0, s
z, 28.168401000000003, -81.712429, 5372.888, 39.550000000000004, 1546494045.0, 252.0, s
w, 30.964510999999998, -90.602956, 692.498, 30.93, 1545407582.0, 687.0, s
r, 39.011967, -117.518597, 4239.981, 25.66, 1545963307.0, 10.0, s
x, 43.182373999999996, -113.447558, 966.89, 30.13, 1545513030.0, 289.0, s
j, 34.224956000000006, -68.056786, 172.34, 32.59, 1545619823.0, 190.0, s
k, 35.985976, -107.160659, 3201.479, 6.39, 1545812723.0, 629.0, s
r, 44.963251, -112.10463800000001, 6237.465, 38.82, 1546916759.0, 557.0, s
z, 29.796208, -122.18364, 634.702, 42.13, 1546163394.0, 978.0, s
z, 28.079638, -123.462659, 246.424, 43.21, 1546535662.0, 18.0, s
a, 28.964754, -77.96021499999999, 539.23, 42.699999999999996, 1546714264.0, 54.0, s
s, 33.40484, -116.938294, 6979.921, 34.489999999999995, 1546035186.0, 776.0, s
n, 36.77713, -67.05339699999999, 6946.798000000001, 35.470000000000006, 1545772088.0, 900.0, s
y, 49.944365999999995, -95.624972, 882.971, 41.580000000000005, 1545403285.0, 485.0, s
l, 30.937121, -117.038036, 2766.701, 39.99, 1546489061.0, 669.0, s
q, 35.172661, -76.75822, 3386.57, 31.55, 1545617926.0, 84.0, s
s, 34.005691, -96.980357, 1082.386, 44.51, 1545732419.0, 558.0, s
q, 39.329983999999996, -113.02015399999999, 1787.1809999999998, 13.809999999999999, 1545689570.0, 452.0, s
b, 41.338566, -68.114965, 6330.946, 25.169999999999998, 1546255649.0, 828.0, s
o, 39.024879, -71.18589399999999, 2850.931, 22.94, 1545477549.0, 461.0, s
t, 47.190316, -81.387932, 4568.793000000001, 34.28, 1546743676.0, 683.0, s
m, 35.955212, -120.449978, 1291.689, 11.82, 1546736674.0, 75.0, s
z, 38.949559, -92.890635, 6052.8009999999995, 14.03, 1545568700.0, 264.0, s
r, 30.905418, -99.316102, 6187.38, 10.81, 1545934904.0, 525.0, s
q, 39.951021000000004, -95.82817200000001, 75.132, 38.25, 1545387837.0, 29.0, s
x, 29.435475, -67.34840799999999, 2286.75, 8.23, 1546126046.0, 27.0, s
f, 45.171713000000004, -103.261147, 3140.642, 38.8, 1546685467.0, 899.0, s
c, 33.620412, -116.259637, 2059.896, 27.55, 1545951822.0, 24.0, s
m, 34.430802, -74.37131500000001, 6999.808, 16.939999999999998, 1545607834.0, 977.0, s
r, 29.988076, -116.300838, 1816.2810000000002, 32.5, 1545900125.0, 224.0, s
d, 49.791348, -109.207391, 2517.692, 5.39, 1545598121.0, 390.0, s
r, 29.228527, -104.18772399999999, 1298.285, 28.79, 1545401797.0, 572.0, s
m, 31.946563, -70.87812600000001, 448.025, 9.23, 1545869872.0, 290.0, s
b, 27.001925, -86.896487, 3024.474, 43.23, 1546060298.0, 52.0, s
a, 48.683981, -67.139766, 2063.2239999999997, 29.71, 1546355008.0, 597.0, s
g, 32.81792, -111.44562499999999, 1056.3010000000002, 25.67, 1546109518.0, 944.0, s
c, 33.205013, -124.186204, 3795.0, 27.45, 1546853956.0, 253.0, s
o, 31.538569, -76.64739, 4119.948, 9.27, 1546023399.0, 297.0, s
r, 29.678893, -83.49609299999999, 1324.2050000000002, 34.25, 1546009275.0, 449.0, s
b, 48.629902, -97.932204, 6849.617, 20.98, 1546865334.0, 34.0, s
b, 43.803278999999996, -104.919123, 2585.131, 31.220000000000002, 1545904195.0, 910.0, s
q, 38.215204, -73.097383, 81.986, 11.58, 1546432439.0, 295.0, s
g, 35.898264999999995, -98.374595, 5709.103, 44.21, 1546306932.0, 800.0, s
r, 40.888888, -121.501577, 2832.479, 14.59, 1546252805.0, 967.0, s
u, 33.361742, -112.15418000000001, 4784.356, 6.23, 1546826625.0, 660.0, s
s, 30.124167, -70.614556, 6736.523, 32.58, 1546492662.0, 84.0, s
h, 49.179652, -90.31246800000001, 4916.553000000001, 18.71, 1546159774.0, 95.0, s
c, 28.250963, -66.668807, 4821.142, 27.81, 1546616599.0, 953.0, s
z, 36.213813, -85.43766600000001, 3941.281, 41.38, 1546044325.0, 700.0, s
w, 46.460829, -105.397072, 723.53, 41.53, 1546200238.0, 611.0, s
y, 36.936815, -124.58196199999999, 2266.357, 42.51, 1546383228.0, 557.0, s
m, 29.269627, -102.155812, 923.469, 18.34, 1546406330.0, 80.0, s
k, 49.207018, -112.505856, 4705.103, 41.51, 1545800453.0, 272.0, s
k, 49.860685, -118.403407, 936.485, 24.91, 1545737502.0, 248.0, s
g, 43.666131, -85.763824, 1486.222, 14.430000000000001, 1545742097.0, 491.0, s
v, 49.012776, -118.22199499999999, 3911.9320000000002, 44.849999999999994, 1546308669.0, 410.0, s
m, 47.217712, -72.15622, 2802.432, 19.98, 1546128854.0, 246.0, s
y, 32.448698, -99.28687, 1809.151, 8.74, 1545298250.0, 45.0, s
e, 30.254384, -78.30499300000001, 1077.267, 7.3999999999999995, 1546521289.0, 81.0, s
i, 36.074689000000006, -115.780302, 618.078, 24.35, 1545788091.0, 535.0, s
j, 30.524139, -81.414452, 6852.11, 6.140000000000001, 1546251978.0, 119.0, s
w, 30.737247, -96.621857, 3088.311, 32.34, 1545325776.0, 378.0, s
t, 34.279368999999996, -81.232815, 789.721, 15.549999999999999, 1546006274.0, 753.0, s
i, 48.87927, -93.386237, 1587.295, 19.73, 1546115123.0, 57.0, s
k, 29.511195999999998, -85.208691, 5602.057000000001, 17.45, 1546197785.0, 815.0, s
l, 35.888922, -105.309836, 6945.328, 17.78, 1546111560.0, 608.0, s
n, 45.395227, -87.497506, 4684.09, 41.36000000000001, 1545883876.0, 897.0, s
z, 46.458209, -99.41382, 3436.107, 39.22, 1545752103.0, 410.0, s
k, 38.898643, -79.036692, 754.977, 27.63, 1545485977.0, 356.0, s
w, 31.463202, -97.312506, 6179.477, 34.75, 1545932738.0, 84.0, s
x, 44.486429, -73.757735, 5633.799, 18.52, 1546874370.0, 814.0, s
e, 30.180692, -107.44578299999999, 807.659, 6.22, 1546437097.0, 231.0, s
g, 29.358379, -111.766335, 3387.6569999999997, 32.63, 1546322108.0, 863.0, s
p, 41.774964000000004, -105.011168, 5772.012, 40.68, 1546090385.0, 689.0, s
n, 32.037644, -124.78964, 409.125, 26.63, 1546139206.0, 427.0, s
d, 43.376753, -105.175988, 4613.615, 20.4, 1546122422.0, 81.0, s
w, 41.528290999999996, -91.60842500000001, 4103.837, 29.900000000000002, 1546903493.0, 438.0, s
s, 41.329141, -103.87559599999999, 1133.702, 27.240000000000002, 1546296069.0, 613.0, s
a, 42.694556, -111.08443100000001, 4344.753, 27.71, 1546109866.0, 219.0, s
b, 33.723566999999996, -85.010251, 207.77300000000002, 37.58, 1546251513.0, 91.0, s
e, 49.725462, -84.18686299999999, 6868.374000000001, 31.29, 1545573596.0, 841.0, s
w, 30.814468, -75.379487, 6455.981, 40.61, 1546244202.0, 17.0, s
t, 33.037636, -93.3733, 3100.667, 7.27, 1545515497.0, 623.0, s
o, 28.047208, -104.690781, 2271.1310000000003, 39.519999999999996, 1546434685.0, 84.0, s
d, 36.719489, -75.77811700000001, 6524.736, 20.21, 1545921521.0, 385.0, s
k, 29.645766, -78.606797, 5758.896, 43.589999999999996, 1545330222.0, 900.0, s
f, 29.703837999999998, -122.242677, 1534.5449999999998, 44.16, 1546046535.0, 303.0, s
e, 43.624434, -117.94037, 6972.699, 44.07, 1545880368.0, 48.0, s
p, 49.177256, -79.82617499999999, 570.121, 16.91, 1545333603.0, 580.0, s
m, 32.080133000000004, -111.891396, 637.558, 5.359999999999999, 1546764570.0, 407.0, s
g, 29.860637, -103.049836, 6842.642, 25.599999999999998, 1545686581.0, 36.0, s
f, 37.729228, -122.947205, 4525.794, 39.89, 1545941295.0, 807.0, s
e, 36.990038999999996, -119.028071, 4167.753, 13.16, 1546902161.0, 803.0, s
j, 32.127081, -106.359608, 1916.098, 42.45, 1545304838.0, 53.0, s
d, 35.231612, -79.098536, 31.290000000000003, 39.790000000000006, 1546055933.0, 853.0, s
u, 41.411283, -81.26065799999999, 1668.009, 35.75, 1545387054.0, 67.0, s
z, 37.161366, -83.891226, 6399.7429999999995, 26.23, 1545545714.0, 507.0, s
c, 39.724592, -91.731832, 221.92499999999998, 26.0, 1545973963.0, 239.0, s
f, 45.316955, -89.36873899999999, 3012.944, 6.95, 1545964237.0, 431.0, s
w, 48.637125, -77.826826, 6082.128, 26.12, 1546535906.0, 50.0, s
m, 49.265046, -105.589918, 2985.7340000000004, 26.919999999999998, 1546112609.0, 555.0, s
f, 29.355179000000003, -119.867874, 1276.345, 44.84, 1546240354.0, 955.0, s
c, 36.436371, -108.102186, 2855.844, 26.87, 1545931653.0, 262.0, s
t, 32.808819, -103.630238, 13.279, 38.22, 1545660755.0, 818.0, s
p, 44.289704, -71.17879900000001, 2691.276, 36.06, 1546518661.0, 409.0, s
z, 47.33965, -91.161111, 5105.458, 36.92, 1545823402.0, 62.0, s
r, 45.932137, -93.572941, 5141.137, 44.77, 1545476323.0, 386.0, s
c, 35.863899, -121.80819, 616.7479999999999, 43.72, 1545393018.0, 96.0, s
r, 43.541722, -113.309124, 899.5649999999999, 40.540000000000006, 1545472635.0, 190.0, s
o, 33.727411, -92.45196899999999, 3334.208, 41.120000000000005, 1545641423.0, 786.0, s
y, 48.091756999999994, -92.049243, 6804.494000000001, 26.48, 1545939900.0, 442.0, s
b, 43.479427, -105.030065, 1982.349, 7.0, 1546065501.0, 13.0, s
b, 40.640435000000004, -72.69096800000001, 568.2959999999999, 39.660000000000004, 1545498264.0, 844.0, s
f, 43.401139, -118.097317, 3012.122, 26.59, 1546748091.0, 782.0, s
f, 43.803379, -67.734325, 3650.393, 36.85, 1546454311.0, 373.0, s
k, 36.467184, -122.284637, 3457.261, 24.73, 1546361925.0, 362.0, s
w, 42.791381, -92.12670499999999, 4458.5740000000005, 10.78, 1546341054.0, 912.0, s
i, 33.114174, -93.931398, 1194.837, 11.14, 1546426157.0, 83.0, s
u, 45.692578, -116.693917, 1522.803, 42.879999999999995, 1546022631.0, 918.0, s
s, 46.215135000000004, -115.975563, 3311.3799999999997, 35.199999999999996, 1545983694.0, 132.0, s
n, 43.817400000000006, -121.618639, 2814.9280000000003, 28.91, 1545702886.0, 302.0, s
x, 31.016175, -73.826481, 2935.2650000000003, 44.989999999999995, 1546150053.0, 579.0, s
c, 39.422598, -121.141683, 2141.4939999999997, 17.21, 1546117972.0, 273.0, s
s, 47.656571, -109.912045, 6539.897, 29.47, 1546826905.0, 89.0, s
g, 25.524596, -97.891209, 915.104, 24.71, 1545696354.0, 216.0, s
m, 28.671064, -84.12215, 1752.49, 8.48, 1546134165.0, 456.0, s
l, 27.043519, -68.34381499999999, 252.921, 8.38, 1545519799.0, 682.0, s
u, 48.729585, -111.05333499999999, 6977.138, 26.259999999999998, 1545474648.0, 614.0, s
q, 33.918692, -86.378276, 286.76300000000003, 36.93, 1546706196.0, 503.0, s
x, 26.675141, -82.742246, 3392.671, 36.26, 1546254254.0, 45.0, s
r, 37.409530000000004, -70.564419, 1632.428, 15.48, 1545575580.0, 377.0, s
y, 34.738562, -105.41219199999999, 4472.848, 16.12, 1546079085.0, 249.0, s
a, 42.603728000000004, -72.058295, 1642.6409999999998, 13.01, 1546645753.0, 337.0, s
d, 28.390926, -84.44376100000001, 146.999, 41.82, 1546913585.0, 573.0, s
g, 41.448479999999996, -97.240911, 3453.591, 18.689999999999998, 1545652361.0, 660.0, s
f, 33.278293, -98.006626, 6306.053, 38.86, 1546418710.0, 25.0, s
n, 27.509815, -102.395907, 704.7909999999999, 32.11, 1546784351.0, 381.0, s
f, 42.859127, -105.65795700000001, 838.412, 12.05, 1546444636.0, 139.0, s
z, 49.004358, -114.184555, 5198.787, 9.94, 1545707648.0, 1029.0, s
i, 25.717712, -83.67533900000001, 6007.173, 37.25, 1545936841.0, 916.0, s
h, 37.05225, -104.02630099999999, 6431.52, 9.44, 1545337873.0, 815.0, s
c, 36.348278, -82.614525, 6056.397, 43.68, 1546212394.0, 98.0, s
v, 46.685668, -81.044682, 6350.9710000000005, 11.6, 1546069571.0, 103.0, s
t, 35.854285999999995, -92.95547499999999, 6105.397, 35.08, 1545619437.0, 315.0, s
r, 42.672804, -118.407242, 1350.239, 6.15, 1546380598.0, 608.0, s
r, 31.442102, -113.946725, 844.801, 29.970000000000002, 1545669533.0, 576.0, s
e, 27.718991, -95.67737100000001, 2088.6270000000004, 19.66, 1545871827.0, 321.0, s
p, 36.687983, -109.82407, 823.4, 24.4, 1546084413.0, 68.0, s
d, 41.081405999999994, -80.436564, 3612.043, 43.980000000000004, 1546156326.0, 711.0, s
t, 38.816302, -74.427305, 2139.317, 31.32, 1546208667.0, 999.0, s
w, 33.985291999999994, -90.921197, 790.427, 35.03, 1545513269.0, 379.0, s
z, 40.781015000000004, -90.919043, 530.3100000000001, 36.38, 1546065704.0, 985.0, s
s, 39.070052, -84.494389, 157.209, 17.099999999999998, 1545730774.0, 622.0, s
u, 49.337648, -80.66539, 4698.897, 6.9, 1546034687.0, 98.0, s
q, 28.161434, -100.325559, 4057.454, 44.1, 1546675673.0, 601.0, s
k, 43.919678, -85.777885, 1576.143, 43.449999999999996, 1546361867.0, 405.0, s
y, 27.342853, -116.955675, 3490.165, 36.779999999999994, 1545869894.0, 1017.0, s
z, 26.48522, -105.01453599999999, 3265.627, 31.23, 1546367795.0, 696.0, s
a, 40.367014999999995, -70.447996, 4231.3, 26.21, 1546787610.0, 416.0, s
i, 37.204632, -118.500389, 3031.321, 36.58, 1545320207.0, 82.0, s
a, 26.715826999999997, -69.59232, 1071.5049999999999, 19.02, 1546208080.0, 618.0, s
v, 45.677149, -71.490953, 6603.684, 27.34, 1546117783.0, 621.0, s
g, 30.111432, -117.985389, 1448.896, 11.3, 1546198489.0, 260.0, s
i, 32.432762, -78.75113, 4975.303, 31.37, 1546430323.0, 122.0, s
y, 44.997076, -68.52649100000001, 1382.961, 10.36, 1545970248.0, 1068.0, s
c, 38.711434, -72.731019, 5757.689, 16.34, 1546780004.0, 12.0, s
o, 40.72772500000001, -85.674408, 4116.504999999999, 17.35, 1545592020.0, 127.0, s
q, 30.933398, -75.48789799999999, 2744.013, 15.69, 1545306889.0, 280.0, s
h, 39.507505, -112.059953, 913.971, 22.79, 1546721658.0, 675.0, s
g, 44.568446, -75.75941, 2721.097, 6.86, 1545503554.0, 908.0, s
q, 47.254063, -108.270509, 3370.479, 27.509999999999998, 1546102131.0, 601.0, s
q, 35.418244, -77.58886, 1528.516, 21.9, 1545584645.0, 69.0, s
j, 32.193542, -101.271571, 40.275, 16.41, 1546663156.0, 221.0, s
u, 45.98232, -110.999019, 3520.159, 24.17, 1546744129.0, 1024.0, s
r, 42.469232, -91.29046100000001, 817.581, 16.78, 1546391188.0, 539.0, s
a, 28.765172, -101.083549, 6425.313, 12.62, 1546104846.0, 584.0, s
x, 46.239347, -82.22677999999999, 1254.813, 30.66, 1545332459.0, 1035.0, s
j, 43.816025, -96.647777, 6347.514, 16.18, 1545777922.0, 68.0, s
t, 34.688362, -72.926371, 594.726, 33.15, 1546183256.0, 169.0, s
w, 28.323328, -82.93901699999999, 1397.266, 9.93, 1545897096.0, 82.0, s
z, 33.419967, -106.35038899999999, 6702.1269999999995, 43.980000000000004, 1546312441.0, 977.0, s
x, 31.904641, -73.417446, 5652.606, 39.010000000000005, 1546410707.0, 822.0, s
i, 40.658929, -84.680523, 2791.2879999999996, 17.849999999999998, 1546274270.0, 329.0, s
h, 31.190902, -115.990048, 1405.317, 36.01, 1546420945.0, 77.0, s
d, 44.18848, -78.482278, 1927.915, 13.0, 1545421013.0, 234.0, s
j, 38.247327, -105.646591, 4161.318, 45.03, 1545827130.0, 395.0, s
r, 25.539237, -74.753018, 2026.647, 11.85, 1546369354.0, 363.0, s
n, 31.389923, -67.976742, 976.559, 39.98, 1545295461.0, 251.0, s
p, 34.416266, -79.39643, 6799.41, 12.36, 1545952669.0, 95.0, s
s, 28.815388, -117.749002, 3239.58, 7.81, 1546698082.0, 26.0, s
i, 34.718568999999995, -68.373069, 3959.14, 29.78, 1546579784.0, 786.0, s
z, 32.701773, -106.708428, 2128.219, 31.25, 1545375752.0, 671.0, s
d, 33.735182, -94.949619, 4657.245, 21.099999999999998, 1546088513.0, 926.0, s
p, 35.663256000000004, -73.419105, 4898.924, 23.88, 1546400323.0, 154.0, s
g, 42.903728, -71.09538, 2517.183, 23.819999999999997, 1545582922.0, 817.0, s
q, 33.942872, -96.266174, 2560.019, 17.47, 1545769918.0, 63.0, s
p, 28.918164, -99.561951, 3879.674, 27.43, 1545409469.0, 1069.0, s
l, 49.114861, -99.591848, 6807.53, 24.2, 1545701301.0, 328.0, s
c, 35.261452, -88.735916, 1913.507, 44.279999999999994, 1546518258.0, 214.0, s
l, 48.811212, -91.30236099999999, 2618.9799999999996, 24.77, 1546111275.0, 199.0, s
s, 41.601461, -85.440985, 506.591, 45.669999999999995, 1545457327.0, 275.0, s
k, 45.862426, -114.100437, 2373.383, 20.23, 1546351135.0, 32.0, s
a, 32.535021, -124.470965, 1734.41, 19.97, 1545987406.0, 888.0, s
w, 44.335899000000005, -75.07719800000001, 613.343, 43.72, 1546788715.0, 595.0, s
l, 31.318500999999998, -93.863412, 6142.525, 42.269999999999996, 1546585590.0, 937.0, s
t, 29.736325, -107.369384, 582.723, 37.67, 1545892737.0, 447.0, s
v, 48.920888, -96.615563, 3524.015, 38.68, 1546223697.0, 994.0, s
t, 37.723659, -75.427893, 1941.814, 17.5, 1545823488.0, 68.0, s
x, 32.452014999999996, -69.459404, 89.776, 15.959999999999999, 1546449464.0, 903.0, s
b, 33.37903, -92.014256, 6348.197999999999, 42.72, 1545466730.0, 120.0, s
r, 47.477221, -73.287598, 3222.361, 32.79, 1545870027.0, 241.0, s
q, 49.195789, -73.312124, 4636.08, 7.86, 1546374219.0, 307.0, s
n, 46.675782, -123.461009, 5107.509, 35.980000000000004, 1545962169.0, 784.0, s
p, 32.529755, -69.932162, 2291.841, 40.13, 1545459886.0, 11.0, s
r, 33.137924999999996, -116.927363, 2164.185, 44.39, 1545611107.0, 667.0, s
n, 39.551042, -78.80355700000001, 5336.489, 44.33, 1545370102.0, 557.0, s
l, 39.671089, -111.352005, 1734.3329999999999, 45.39, 1546031054.0, 140.0, s
n, 25.585089, -110.10950199999999, 4180.642, 38.94, 1545321821.0, 593.0, s
g, 46.357362, -113.294276, 5216.067999999999, 41.28, 1546553788.0, 140.0, s
b, 33.944115, -93.40991, 6717.973, 36.14, 1546221052.0, 55.0, s
i, 43.700631, -80.845848, 6151.62, 13.58, 1546514871.0, 681.0, s
s, 47.145969, -85.746297, 6423.5599999999995, 19.330000000000002, 1545290018.0, 372.0, s
u, 45.315021, -118.295852, 6307.089, 8.520000000000001, 1545556004.0, 992.0, s
f, 45.624295000000004, -94.193423, 3485.0060000000003, 20.169999999999998, 1545358125.0, 333.0, s
n, 36.794385999999996, -99.994421, 2899.478, 43.550000000000004, 1545875760.0, 259.0, s
i, 42.698866, -68.586797, 970.171, 26.76, 1545853338.0, 42.0, s
i, 43.854102999999995, -112.59001300000001, 1503.912, 20.07, 1545342910.0, 221.0, s
z, 32.915067, -121.115519, 5517.847, 32.18, 1546767752.0, 1049.0, s
k, 33.120920999999996, -106.889799, 6405.787, 21.669999999999998, 1545570507.0, 915.0, s
l, 34.521601000000004, -74.301365, 4972.714, 26.580000000000002, 1545961699.0, 1055.0, s
x, 48.495754999999996, -83.480216, 3632.301, 38.7, 1545715953.0, 263.0, s
r, 43.312456, -98.355674, 2699.332, 35.15, 1545511830.0, 75.0, s
v, 28.847048, -98.201047, 4641.518, 37.33, 1546094456.0, 1006.0, s
g, 37.245492, -107.58121600000001, 6055.763000000001, 21.31, 1546909130.0, 307.0, s
w, 40.595873, -82.719357, 3122.039, 30.75, 1546063418.0, 274.0, s
y, 40.834683999999996, -103.11081399999999, 723.307, 13.629999999999999, 1545561768.0, 1009.0, s
x, 30.708106, -72.222094, 1655.578, 30.28, 1545320946.0, 430.0, s
x, 43.567449, -92.348564, 863.931, 36.15, 1545500467.0, 50.0, s
z, 39.865987000000004, -98.48312299999999, 2084.607, 44.01, 1546343980.0, 252.0, s
w, 33.882583, -70.18701100000001, 4279.56, 6.0200000000000005, 1546850268.0, 99.0, s
s, 39.623169000000004, -67.618396, 1562.095, 24.209999999999997, 1545971584.0, 533.0, s
t, 44.652398000000005, -124.674908, 4914.19, 31.25, 1546360579.0, 476.0, s
l, 47.221987, -99.487403, 6762.005999999999, 22.32, 1545334271.0, 866.0, s
v, 34.04085, -71.098596, 4127.578, 43.06, 1546123365.0, 41.0, s
s, 49.489222, -75.76722000000001, 3616.186, 32.0, 1546583075.0, 206.0, s
z, 38.54495300000001, -88.80770100000001, 6212.526, 28.38, 1546170574.0, 951.0, s
n, 31.347976, -96.47135, 3280.5879999999997, 13.58, 1545285608.0, 866.0, s
v, 39.975653, -122.294236, 5918.22, 14.15, 1545850405.0, 327.0, s
k, 31.618779, -85.45951, 5751.429, 9.389999999999999, 1546074849.0, 108.0, s
b, 42.737059, -92.606614, 1251.697, 8.77, 1545939021.0, 34.0, s
o, 40.517404, -68.03703300000001, 4159.177000000001, 21.14, 1546795460.0, 749.0, s
y, 42.999858999999994, -96.20094499999999, 4781.909, 10.120000000000001, 1546287116.0, 154.0, s
z, 25.595943, -74.719329, 4539.367, 33.1, 1546590308.0, 576.0, s
a, 49.969044000000004, -74.375956, 5194.928, 22.240000000000002, 1545297521.0, 794.0, s
b, 37.468994, -112.154436, 5769.191, 12.8, 1546288700.0, 705.0, s
i, 45.532621, -95.406419, 759.507, 30.74, 1545542288.0, 10.0, s
q, 46.82559199999999, -104.20927, 2500.717, 43.38999999999999, 1546609288.0, 1016.0, s
q, 46.724408, -83.44624, 650.024, 36.71, 1546051108.0, 95.0, s
p, 31.86159, -95.553027, 75.015, 24.71, 1545864305.0, 907.0, s
r, 28.494206, -93.581128, 566.812, 18.32, 1546193900.0, 985.0, s
z, 26.560158, -67.827031, 4881.101, 11.49, 1545372696.0, 385.0, s
u, 45.555523, -85.957809, 4635.554, 12.33, 1546574035.0, 27.0, s
t, 38.231453, -105.940931, 2979.9049999999997, 21.169999999999998, 1546014727.0, 900.0, s
f, 31.323973000000002, -120.654551, 4052.472, 26.62, 1545512029.0, 138.0, s
d, 48.865652000000004, -112.15638, 3391.21, 16.599999999999998, 1545516189.0, 168.0, s
o, 34.831516, -79.584757, 5864.977, 42.019999999999996, 1546322572.0, 880.0, s
j, 36.74908, -69.630826, 703.985, 5.49, 1545756742.0, 787.0, s
o, 39.85539, -89.66123, 985.635, 37.28, 1545435445.0, 36.0, s
b, 31.814634, -68.452351, 3010.168, 28.56, 1546473091.0, 663.0, s
l, 33.502598, -117.231971, 1786.005, 12.73, 1546131421.0, 625.0, s
p, 41.738521999999996, -115.64106699999999, 5151.782999999999, 6.6899999999999995, 1545400704.0, 115.0, s
t, 31.179648, -103.67643299999999, 3758.2749999999996, 7.65, 1546273080.0, 573.0, s
u, 34.839786, -112.67522, 5932.603, 41.57, 1545926714.0, 726.0, s
o, 37.760177, -74.214028, 2065.883, 7.21, 1545659604.0, 12.0, s
f, 32.884322, -119.16797, 1816.378, 24.16, 1545598917.0, 619.0, s
i, 33.846258000000006, -80.65210400000001, 1745.201, 34.67, 1546053763.0, 913.0, s
q, 26.006684999999997, -113.603185, 6409.5869999999995, 16.33, 1545697169.0, 976.0, s
d, 28.887621, -72.365697, 6203.856, 41.43, 1545765189.0, 340.0, s
d, 40.180095, -120.769334, 544.5079999999999, 38.980000000000004, 1545919941.0, 784.0, s
v, 34.489275, -88.040398, 1396.419, 43.46, 1545727789.0, 85.0, s
a, 45.473793, -78.123396, 922.934, 39.830000000000005, 1546810663.0, 704.0, s
a, 37.670429999999996, -88.49801799999999, 69.41999999999999, 32.410000000000004, 1546646727.0, 756.0, s
n, 49.243202000000004, -84.524301, 6967.952, 6.109999999999999, 1545323039.0, 542.0, s
o, 47.914809, -93.34532, 5589.392, 35.18, 1546873024.0, 732.0, s
a, 34.685486, -98.308829, 5770.94, 40.52, 1546483738.0, 485.0, s
g, 43.82948, -71.758027, 5836.985, 5.33, 1546426871.0, 42.0, s
k, 47.523953999999996, -97.580027, 5396.608, 8.19, 1545662486.0, 300.0, s
e, 41.590193, -124.035764, 5509.39, 19.82, 1545950419.0, 51.0, s
b, 40.961828999999994, -69.08791500000001, 495.57, 10.42, 1546110536.0, 642.0, s
u, 37.694503, -109.457095, 2384.155, 23.02, 1545824965.0, 586.0, s
s, 43.402904, -83.619011, 4900.753, 41.559999999999995, 1546356009.0, 623.0, s
q, 31.907478, -68.034408, 981.368, 35.43, 1546022085.0, 41.0, s
d, 37.279844, -106.687579, 215.416, 25.990000000000002, 1546016817.0, 263.0, s
j, 29.450423, -123.014062, 129.248, 11.05, 1546608949.0, 716.0, s
c, 43.419125, -114.552795, 4708.598, 36.989999999999995, 1546336363.0, 597.0, s
i, 36.574106, -106.399794, 2889.4770000000003, 44.410000000000004, 1545348663.0, 679.0, s
a, 28.72121, -118.236662, 3605.013, 28.790000000000003, 1546387176.0, 1083.0, s
l, 36.435441, -68.876356, 3454.4, 25.94, 1545663658.0, 39.0, s
k, 36.757377999999996, -109.013734, 6680.619, 40.02, 1546044710.0, 183.0, s
p, 27.811638000000002, -121.03136400000001, 6415.147, 41.91, 1545319001.0, 77.0, s
t, 25.768195000000002, -119.34209299999999, 4776.237, 6.42, 1545605855.0, 1033.0, s
v, 40.654087999999994, -104.921804, 1510.427, 14.69, 1546250503.0, 854.0, s
j, 27.867473999999998, -118.402622, 1435.5729999999999, 30.91, 1545317101.0, 506.0, s
n, 35.246862, -75.714802, 484.062, 28.54, 1546731185.0, 46.0, s
k, 41.344811, -121.63527, 4255.3859999999995, 23.86, 1545570689.0, 642.0, s
o, 37.354326, -112.621194, 1397.753, 29.49, 1546560229.0, 440.0, s
x, 48.690933, -95.675982, 3595.008, 5.76, 1546888531.0, 880.0, s
b, 37.563644, -120.871187, 1173.604, 20.869999999999997, 1546158497.0, 165.0, s
z, 26.972122, -80.68033, 2978.986, 28.88, 1546189285.0, 387.0, s
v, 32.215165, -114.96114, 1212.679, 35.4, 1545676793.0, 26.0, s
a, 30.848902, -113.176631, 5007.017, 40.88, 1545353684.0, 318.0, s
d, 48.912707000000005, -91.319638, 6316.383, 14.049999999999999, 1546267587.0, 786.0, s
j, 33.716686, -115.810052, 5592.657, 29.3, 1546834111.0, 120.0, s
r, 47.025198, -119.104773, 3463.5679999999998, 39.65, 1545765576.0, 765.0, s
q, 28.564394, -77.946984, 4568.479, 18.110000000000003, 1545444074.0, 841.0, s
i, 33.748791, -107.656657, 2338.842, 8.81, 1545609610.0, 72.0, s
v, 31.314988, -118.310388, 2506.439, 29.87, 1545858808.0, 600.0, s
q, 48.141913, -112.43207, 3767.8430000000003, 8.43, 1545991622.0, 876.0, s
d, 30.473702, -77.116525, 2076.712, 43.21, 1546685535.0, 425.0, s
w, 26.333344, -70.24043499999999, 1651.892, 26.07, 1545696987.0, 246.0, s
w, 26.425092000000003, -78.834398, 4740.5019999999995, 17.39, 1545895018.0, 120.0, s
f, 28.172824, -97.489547, 3419.359, 39.25, 1546270540.0, 15.0, s
x, 38.654868, -78.21858, 4889.75, 36.150000000000006, 1545474751.0, 993.0, s
h, 45.670927000000006, -72.211168, 1532.798, 18.55, 1545944836.0, 193.0, s
n, 47.119733, -117.42787200000001, 836.399, 36.58, 1546299665.0, 664.0, s
n, 32.259599, -108.67115299999999, 261.584, 8.28, 1545449736.0, 1017.0, s
z, 35.499767, -101.726107, 6782.945, 38.74, 1545577183.0, 1062.0, s
z, 49.343625, -102.693407, 1686.567, 15.33, 1546221370.0, 50.0, s
l, 39.867661, -105.85515500000001, 6178.515, 35.519999999999996, 1546848531.0, 352.0, s
o, 27.109422000000002, -105.446814, 2812.2169999999996, 38.81, 1546454341.0, 472.0, s
d, 39.156006999999995, -96.731236, 5195.956999999999, 27.099999999999998, 1546588106.0, 795.0, s
v, 32.697357, -78.553083, 3546.9790000000003, 6.380000000000001, 1546401556.0, 613.0, s
l, 33.116040000000005, -118.483311, 5745.733, 41.8, 1545863155.0, 824.0, s
k, 33.794661, -79.040234, 6431.223, 29.64, 1545777710.0, 29.0, n
u, 42.013048, -113.67041, 176.804, 6.95, 1545320000.0, 29.0, n
z, 35.767491, -90.531529, 5584.803, 17.57, 1546866851.0, 53.0, n
l, 30.262505, -70.718216, 5766.555, 40.87, 1546440340.0, 47.0, n
u, 32.496662, -100.283437, 1216.315, 20.21, 1546275083.0, 50.0, n
p, 31.432109, -74.704902, 2805.21, 28.74, 1546123216.0, 21.0, n
d, 32.828852, -82.435897, 151.066, 20.43, 1545893783.0, 20.0, n
b, 49.539902, -124.015754, 5189.252, 43.04, 1546255458.0, 34.0, n
w, 44.69747, -107.200623, 815.205, 29.26, 1546145176.0, 42.0, n
k, 39.150022, -68.620609, 3475.645, 31.07, 1546551065.0, 88.0, n
n, 41.604375, -119.425538, 780.132, 30.93, 1546069138.0, 57.0, n
g, 41.184498, -116.585319, 3516.176, 19.83, 1545974731.0, 42.0, n
e, 39.552671, -83.587779, 4120.914, 40.38, 1546016752.0, 24.0, n
k, 28.977492, -71.499787, 1581.751, 6.52, 1545341145.0, 83.0, n
w, 25.695667, -83.532185, 6097.405, 6.59, 1545696767.0, 81.0, n
i, 39.941862, -101.036968, 4236.19, 9.75, 1546564398.0, 85.0, n
b, 41.240116, -104.881432, 5456.755, 42.41, 1546522432.0, 53.0, n
f, 49.644872, -75.625776, 5107.096, 37.7, 1545436200.0, 86.0, n
e, 26.191875, -116.588986, 5262.368, 9.57, 1546626877.0, 50.0, n
v, 43.511684, -85.039106, 2811.246, 19.61, 1546307580.0, 18.0, n
z, 36.279547, -97.603994, 5002.05, 29.06, 1546042490.0, 29.0, n
h, 28.788319, -92.342721, 3257.72, 13.91, 1546065322.0, 22.0, n
h, 34.7654, -110.873189, 2547.302, 17.82, 1546331122.0, 85.0, n
n, 25.653333, -89.536109, 5760.234, 20.47, 1545917824.0, 19.0, n
o, 27.912058, -106.097174, 4772.772, 42.74, 1546339084.0, 99.0, n
g, 45.833733, -96.693628, 4556.255, 15.76, 1546266966.0, 86.0, n
u, 42.275377, -91.45545, 5072.958, 12.46, 1546032598.0, 78.0, n
x, 41.835033, -67.595332, 2156.043, 18.79, 1546719770.0, 63.0, n
a, 31.417541, -83.992941, 522.229, 24.29, 1546347415.0, 33.0, n
a, 48.403166, -116.124602, 6561.395, 30.73, 1545352740.0, 54.0, n
e, 49.569039, -83.244738, 1256.984, 20.24, 1545983379.0, 61.0, n
s, 42.576826, -87.474584, 4223.265, 10.55, 1546544422.0, 92.0, n
r, 37.338647, -108.111403, 886.201, 18.59, 1546858352.0, 20.0, n
p, 45.507406, -112.766588, 2250.699, 33.46, 1545304462.0, 93.0, n
o, 35.508579, -71.162681, 2941.488, 43.03, 1545809466.0, 80.0, n
z, 44.820861, -102.304233, 669.965, 28.89, 1546889849.0, 84.0, n
n, 49.461601, -74.038264, 4878.116, 28.63, 1546136896.0, 38.0, n
x, 42.668143, -83.485994, 5281.798, 42.65, 1546619159.0, 44.0, n
r, 26.132033, -67.013727, 5238.202, 6.1, 1545331850.0, 56.0, n
r, 43.840571, -85.289728, 5416.8, 27.82, 1545585860.0, 68.0, n
v, 38.601261, -93.736281, 633.372, 23.06, 1546157675.0, 64.0, n
k, 38.114214, -77.685723, 921.652, 11.58, 1546722098.0, 13.0, n
j, 27.673881, -69.756666, 249.78, 18.34, 1546045528.0, 41.0, n
j, 28.82257, -69.711792, 2877.494, 20.0, 1546826479.0, 20.0, n
s, 30.38096, -79.305165, 6796.468, 19.74, 1546056879.0, 29.0, n
d, 35.536565, -99.506026, 29.295, 36.54, 1545978357.0, 13.0, n
s, 32.116132, -111.03064, 4456.681, 6.46, 1546022075.0, 80.0, n
w, 42.988681, -123.94436, 1303.664, 19.42, 1545880320.0, 91.0, n
f, 38.295104, -116.725013, 4995.572, 37.98, 1546229260.0, 14.0, n
a, 28.38372, -111.324532, 2163.112, 21.58, 1546325149.0, 34.0, n
l, 30.374541, -98.342679, 1587.674, 10.91, 1546440729.0, 65.0, n
u, 36.327388, -72.282666, 3405.571, 15.09, 1546308838.0, 64.0, n
w, 32.964692, -122.311752, 3461.681, 11.29, 1546450902.0, 71.0, n
r, 43.286386, -120.243278, 2419.225, 29.11, 1545895473.0, 92.0, n
i, 33.416754, -76.519792, 2735.666, 26.42, 1545975434.0, 23.0, n
k, 36.513473, -99.96123, 4965.059, 8.66, 1546128933.0, 15.0, n
k, 34.36691, -108.063372, 1790.798, 5.6, 1545981043.0, 62.0, n
u, 26.058424, -96.995284, 2491.603, 35.86, 1546809155.0, 85.0, n
v, 38.362737, -120.695826, 2999.783, 7.09, 1545581526.0, 96.0, n
a, 32.107308, -111.369031, 5330.345, 12.61, 1546272315.0, 40.0, n
q, 28.862388, -104.706614, 1803.263, 17.38, 1545319719.0, 84.0, n
f, 41.47372, -107.467767, 6699.671, 26.16, 1546079928.0, 59.0, n
v, 26.390805, -116.351763, 2146.474, 29.96, 1546859382.0, 41.0, n
v, 45.170161, -68.954546, 335.043, 41.8, 1546668607.0, 30.0, n
t, 41.106055, -123.172182, 4640.242, 14.43, 1545402795.0, 58.0, n
c, 37.560891, -112.411722, 6724.884, 18.68, 1546451955.0, 48.0, n
f, 27.018367, -72.668188, 450.2, 9.01, 1546773138.0, 91.0, n
s, 45.919929, -105.253642, 2095.268, 31.25, 1546035494.0, 34.0, n
p, 36.193077, -120.303536, 195.23, 32.7, 1545303107.0, 95.0, n
r, 39.028453, -92.449891, 2668.578, 22.65, 1545519279.0, 32.0, n
b, 41.50032, -70.95077, 809.406, 32.16, 1546103300.0, 64.0, n
o, 48.268623, -69.639885, 6651.742, 11.59, 1546104525.0, 34.0, n
e, 25.808985, -105.56326, 3066.17, 41.88, 1545591763.0, 42.0, n
c, 35.678183, -77.292689, 5131.011, 15.08, 1546809758.0, 42.0, n
v, 25.832374, -96.339474, 4903.269, 40.94, 1546107420.0, 42.0, n
t, 47.604947, -111.581564, 4966.355, 7.18, 1546348524.0, 39.0, n
u, 26.697974, -69.940857, 356.298, 5.12, 1546465786.0, 19.0, n
y, 46.625705, -75.175599, 914.929, 37.28, 1546705188.0, 15.0, n
b, 35.493999, -115.400361, 1864.633, 8.81, 1546766008.0, 40.0, n
q, 27.103743, -68.093158, 4491.333, 7.01, 1546816708.0, 73.0, n
k, 40.157617, -98.889067, 5750.97, 5.44, 1546116043.0, 99.0, n
a, 29.03967, -89.941708, 689.343, 13.43, 1546835186.0, 35.0, n
y, 30.181146, -104.623626, 2637.376, 34.01, 1546634192.0, 34.0, n
u, 29.607892, -82.167694, 222.535, 32.85, 1545920367.0, 80.0, n
k, 39.679603, -73.766461, 5388.903, 43.53, 1545879715.0, 60.0, n
j, 36.741827, -83.542362, 3999.939, 21.72, 1545669065.0, 16.0, n
t, 33.403535, -87.497693, 4882.754, 8.68, 1545933764.0, 76.0, n
m, 41.875152, -109.28559, 2520.582, 43.24, 1546387629.0, 52.0, n
c, 41.850894, -98.987699, 5660.405, 38.27, 1546915044.0, 59.0, n
f, 45.597019, -122.475752, 3147.719, 44.64, 1546375598.0, 29.0, n
l, 28.52704, -87.186831, 4561.563, 41.18, 1546837473.0, 20.0, n
k, 34.655431, -94.572233, 2836.093, 10.03, 1546676221.0, 16.0, n
i, 34.784388, -108.084588, 6446.339, 35.0, 1545752252.0, 38.0, n
j, 47.703121, -68.94828, 6528.485, 10.45, 1546616500.0, 30.0, n
j, 45.891625, -118.463731, 6201.729, 37.29, 1545750912.0, 89.0, n
u, 36.684188, -97.266813, 2959.084, 14.63, 1545448163.0, 35.0, n
n, 43.948894, -92.973147, 3343.485, 31.93, 1545771281.0, 99.0, n
c, 34.366871, -124.71413, 5911.354, 6.29, 1545689409.0, 28.0, n
q, 43.635649, -73.849857, 3769.175, 20.83, 1545831760.0, 83.0, n
p, 36.62969, -80.70593, 2708.392, 13.06, 1545410646.0, 55.0, n
m, 35.124789, -100.910149, 709.944, 25.01, 1545382556.0, 35.0, n
l, 40.396311, -70.190619, 6233.334, 8.59, 1546439947.0, 86.0, n
t, 38.556005, -106.599875, 331.306, 16.38, 1545995603.0, 18.0, n
s, 33.543301, -75.561313, 1902.951, 29.19, 1545743155.0, 42.0, n
o, 29.046758, -115.853334, 197.614, 22.54, 1546771768.0, 82.0, n
f, 43.029109, -123.767303, 6237.709, 24.77, 1546759575.0, 61.0, n
x, 45.780759, -76.890968, 127.84, 41.88, 1546482358.0, 72.0, n
q, 37.899883, -115.131471, 461.254, 43.53, 1545290762.0, 31.0, n
n, 48.858791, -86.678994, 3828.385, 31.75, 1546580406.0, 26.0, n
a, 49.218228, -73.723188, 2455.468, 23.23, 1546456998.0, 11.0, n
p, 44.740457, -112.61173, 231.258, 24.35, 1545608854.0, 75.0, n
p, 26.736451, -95.371556, 5954.643, 28.69, 1546401536.0, 85.0, n
i, 31.503821, -102.683789, 2012.702, 15.2, 1546328546.0, 87.0, n
v, 29.182253, -100.905195, 4359.692, 42.52, 1546001817.0, 31.0, n
v, 33.686342, -119.183905, 1343.461, 25.96, 1546492623.0, 100.0, n
v, 44.804997, -66.677596, 3059.892, 42.6, 1546829282.0, 22.0, n
c, 34.224614, -93.03574, 1394.465, 34.72, 1545562259.0, 51.0, n
a, 37.519595, -79.037447, 4684.322, 37.46, 1546354807.0, 65.0, n
m, 42.320809, -112.090769, 6542.117, 23.96, 1546164079.0, 10.0, n
u, 34.367072, -69.30246, 1726.709, 12.67, 1546877194.0, 83.0, n
b, 46.934678, -76.507645, 6487.863, 12.26, 1546047625.0, 25.0, n
d, 45.219501, -82.65766, 2252.503, 8.02, 1546423782.0, 29.0, n
l, 30.146808, -124.268434, 2700.501, 7.18, 1546130000.0, 24.0, n
y, 46.941923, -94.57753, 2721.563, 19.02, 1545828899.0, 48.0, n
i, 38.962284, -86.133087, 4353.842, 28.36, 1545358792.0, 33.0, n
q, 47.029813, -83.025338, 5264.823, 38.64, 1545779753.0, 94.0, n
o, 29.769869, -73.07739, 5218.723, 28.3, 1546748302.0, 36.0, n
e, 42.03297, -124.963595, 5514.812, 31.49, 1546143432.0, 59.0, n
u, 27.683665, -71.255611, 4400.683, 23.62, 1545951647.0, 63.0, n
z, 48.414196, -74.612208, 2688.994, 18.04, 1546366857.0, 72.0, n
z, 46.617954, -84.764843, 4965.738, 30.71, 1545789813.0, 32.0, n
v, 40.354581, -107.363194, 737.602, 25.49, 1546265681.0, 58.0, n
z, 40.429908, -94.71874, 3125.26, 17.8, 1545959242.0, 33.0, n
g, 28.388878, -109.602761, 391.528, 31.66, 1546875448.0, 43.0, n
r, 45.912599, -113.406468, 5304.515, 38.31, 1546170814.0, 78.0, n
e, 39.76803, -93.30159, 1594.568, 29.73, 1546421154.0, 37.0, n
p, 46.367464, -110.647643, 5934.265, 29.99, 1545533608.0, 90.0, n
y, 25.817776, -68.346477, 6188.537, 43.86, 1545304759.0, 48.0, n
b, 25.857276, -120.910985, 3897.825, 12.57, 1545773434.0, 18.0, n
a, 44.909189, -113.642578, 4891.758, 25.01, 1545657634.0, 33.0, n
l, 48.332627, -81.312248, 4276.707, 6.52, 1546098029.0, 56.0, n
i, 36.993594, -88.129022, 970.99, 39.12, 1545801833.0, 68.0, n
p, 46.585355, -116.3166, 219.658, 30.67, 1545931942.0, 25.0, n
i, 45.271599, -75.688916, 1155.82, 29.74, 1546537429.0, 81.0, n
r, 36.131085, -118.313773, 6696.746, 39.4, 1546278118.0, 35.0, n
g, 34.865687, -101.196965, 2439.213, 40.84, 1545395004.0, 42.0, n
r, 38.984934, -70.584947, 3711.635, 17.08, 1546655149.0, 56.0, n
t, 41.438083, -92.958693, 1656.72, 18.13, 1545376421.0, 43.0, n
s, 43.216693, -93.12657, 4661.839, 40.9, 1545413589.0, 34.0, n
n, 29.474803, -125.073272, 3172.814, 41.61, 1545580224.0, 32.0, n
o, 43.393918, -88.72865, 2359.826, 6.74, 1546648893.0, 74.0, n
u, 33.021914, -103.776123, 6343.265, 24.35, 1546236281.0, 48.0, n
m, 42.682033, -77.124154, 2302.557, 28.4, 1546544590.0, 50.0, n
y, 48.913343, -100.321455, 5328.113, 43.05, 1545668468.0, 42.0, n
v, 48.774039, -86.892009, 6699.938, 39.89, 1545766151.0, 50.0, n
b, 32.715783, -114.462232, 6519.133, 16.76, 1546511185.0, 34.0, n
f, 36.912078, -105.132162, 6496.858, 5.5, 1545401154.0, 39.0, n
h, 45.491597, -92.03437, 1246.462, 6.1, 1545838578.0, 18.0, n
x, 31.22358, -90.16281, 5896.572, 37.17, 1545505405.0, 58.0, n
b, 32.561489, -83.043934, 5579.771, 21.31, 1546175982.0, 75.0, n
r, 47.952715, -122.213082, 630.491, 43.09, 1545437963.0, 98.0, n
k, 34.201152, -104.831617, 5626.81, 43.41, 1545907200.0, 28.0, n
m, 31.302827, -76.138699, 4700.085, 22.75, 1546841837.0, 10.0, n
e, 27.729578, -100.376217, 1584.557, 37.36, 1545454107.0, 88.0, n
r, 27.112239, -89.800688, 6084.762, 37.19, 1545694823.0, 59.0, n
u, 45.285465, -66.960314, 4495.564, 33.39, 1546271526.0, 31.0, n
u, 31.277687, -71.96603, 2326.671, 39.86, 1545410686.0, 52.0, n
h, 29.213533, -78.025991, 3083.18, 12.01, 1546643012.0, 95.0, n
v, 32.384181, -106.982414, 1974.344, 36.45, 1545308283.0, 20.0, n
g, 31.510518, -119.922407, 2226.813, 11.97, 1546610886.0, 30.0, n
g, 38.225513, -81.301125, 3192.365, 21.88, 1545480899.0, 29.0, n
q, 47.049536, -76.480979, 3152.843, 10.69, 1545300058.0, 34.0, n
m, 31.352462, -123.372862, 363.305, 32.06, 1546070182.0, 32.0, n
i, 31.895802, -70.44534, 4831.306, 6.8, 1546314469.0, 78.0, n
u, 44.551966, -116.864327, 2518.81, 16.84, 1546661438.0, 62.0, n
r, 41.815299, -116.853936, 3127.28, 34.92, 1545397442.0, 84.0, n
l, 27.133252, -70.820995, 5868.847, 34.83, 1546539163.0, 37.0, n
i, 26.070037, -66.673478, 3167.435, 41.2, 1545778194.0, 29.0, n
k, 47.847765, -123.821418, 4473.488, 5.46, 1545776559.0, 83.0, n
h, 30.575252, -83.663684, 576.762, 19.31, 1545555582.0, 17.0, n
x, 31.550245, -68.750481, 5461.19, 9.82, 1545329137.0, 34.0, n
x, 48.471094, -73.76894, 57.733, 14.52, 1545762290.0, 50.0, n
v, 49.701137, -121.652063, 5386.415, 22.47, 1545677881.0, 45.0, n
c, 49.413232, -82.587548, 3733.497, 29.3, 1546293776.0, 81.0, n
u, 43.229081, -76.533207, 321.825, 35.2, 1545969821.0, 85.0, n
b, 46.240019, -103.232548, 1312.706, 32.38, 1546591038.0, 98.0, n
t, 44.977558, -116.665016, 5285.044, 38.36, 1545910076.0, 55.0, n
p, 40.173962, -85.186344, 4298.826, 6.11, 1546086189.0, 81.0, n
p, 43.158589, -109.226131, 4678.261, 30.3, 1545346900.0, 56.0, n
z, 42.595186, -92.443631, 1097.741, 18.19, 1546016037.0, 21.0, n
q, 48.24149, -90.039411, 4513.012, 39.94, 1546747755.0, 19.0, n
v, 46.933305, -91.345469, 5563.402, 15.09, 1545525911.0, 32.0, n
t, 45.369733, -123.953965, 1441.874, 6.25, 1545578611.0, 98.0, n
z, 34.092159, -100.537189, 6110.104, 35.1, 1546365842.0, 96.0, n
e, 29.432578, -100.546532, 5506.42, 37.9, 1546218364.0, 48.0, n
x, 39.507998, -95.078804, 3614.32, 31.65, 1546730549.0, 27.0, n
h, 49.937035, -119.309708, 4650.931, 42.38, 1546525759.0, 19.0, n
y, 49.75216, -110.112861, 3179.335, 11.76, 1545453578.0, 24.0, n
k, 40.663833, -78.323642, 4624.15, 32.6, 1545555743.0, 23.0, n
v, 42.834304, -81.604205, 3974.288, 30.21, 1546005628.0, 58.0, n
z, 47.726752, -72.749072, 1575.981, 22.23, 1545844346.0, 18.0, n
x, 38.029008, -117.063732, 21.15, 15.59, 1546411450.0, 39.0, n
c, 34.791198, -88.875691, 3492.971, 15.51, 1545729966.0, 28.0, n
g, 48.32893, -115.493928, 299.043, 32.86, 1546309046.0, 38.0, n
f, 35.31291, -98.289708, 3067.78, 5.27, 1546593141.0, 24.0, n
c, 37.03508, -68.65479, 421.572, 24.01, 1546293440.0, 58.0, n
r, 35.483092, -96.151081, 2709.236, 6.0, 1545810555.0, 77.0, n
u, 31.398622, -89.887944, 1964.846, 6.36, 1545997820.0, 66.0, n
h, 35.558067, -67.567902, 3948.166, 28.88, 1545988634.0, 44.0, n
n, 44.08706, -89.112471, 2332.905, 32.41, 1546762503.0, 84.0, n
t, 45.976134, -92.242576, 1800.261, 16.37, 1546612224.0, 72.0, n
b, 43.166489, -105.657119, 3565.738, 39.45, 1545654147.0, 11.0, n
i, 40.348086, -78.298593, 6953.608, 35.81, 1545818874.0, 41.0, n
r, 35.679272, -76.347403, 6842.329, 41.23, 1546812307.0, 30.0, n
s, 34.45728, -95.657914, 177.392, 25.77, 1545542513.0, 28.0, n
g, 49.160292, -85.875303, 5841.548, 26.02, 1545529541.0, 30.0, n
n, 38.116761, -80.257005, 3213.123, 28.61, 1545680849.0, 67.0, n
t, 32.257015, -107.5354, 329.794, 44.66, 1545497935.0, 51.0, n
f, 45.643619, -100.455244, 5355.021, 11.56, 1545953204.0, 12.0, n
l, 46.686693, -93.122079, 3049.833, 38.36, 1546488244.0, 61.0, n
n, 39.478756, -109.068317, 2134.549, 25.15, 1545913109.0, 69.0, n
w, 46.938425, -83.425837, 3970.51, 18.11, 1545341778.0, 60.0, n
m, 28.610665, -93.259817, 1462.091, 41.55, 1546065866.0, 92.0, n
h, 46.309339, -123.267148, 6652.222, 8.36, 1546105141.0, 34.0, n
q, 36.034604, -67.768962, 2194.537, 37.45, 1545828141.0, 93.0, n
g, 30.094532, -106.855705, 4863.82, 38.34, 1545617874.0, 32.0, n
f, 44.448019, -116.039193, 3497.62, 10.09, 1545797028.0, 24.0, n
l, 34.153943, -100.117022, 4846.324, 22.96, 1546138105.0, 41.0, n
x, 46.958755, -97.744803, 4829.976, 31.98, 1545830836.0, 84.0, n
y, 45.582187, -93.298993, 2982.663, 16.1, 1545860159.0, 64.0, n
h, 48.330157, -119.360927, 3921.015, 30.35, 1546659286.0, 42.0, n
f, 36.532108, -109.535323, 3930.97, 14.03, 1546264249.0, 20.0, n
j, 43.953119, -111.605181, 5044.978, 38.97, 1545703522.0, 76.0, n
a, 28.591162, -107.080062, 1640.682, 41.78, 1545342376.0, 21.0, n
f, 31.56096, -107.261819, 695.337, 14.86, 1546697185.0, 74.0, n
d, 49.007852, -116.857512, 6203.898, 20.59, 1546845283.0, 63.0, n
c, 40.362963, -86.042731, 6559.788, 20.67, 1545436685.0, 98.0, n
o, 34.036723, -105.297214, 2196.877, 7.07, 1546471045.0, 82.0, n
c, 46.285489, -102.853303, 6635.396, 20.7, 1545695332.0, 20.0, n
s, 33.381805, -122.666546, 1809.192, 19.01, 1545311310.0, 63.0, n
c, 41.331408, -76.025437, 4936.387, 23.51, 1546729437.0, 88.0, n
i, 47.949038, -108.425325, 1743.524, 20.39, 1545343337.0, 13.0, n
v, 37.711378, -67.765582, 5567.953, 21.03, 1545380263.0, 40.0, n
f, 28.048659, -104.473705, 1534.235, 44.32, 1546039508.0, 63.0, n
z, 32.439993, -86.758514, 2047.944, 37.71, 1545424941.0, 23.0, n
r, 44.703583, -95.950652, 5185.139, 30.79, 1545843012.0, 49.0, n
u, 27.804975, -67.683092, 2398.532, 30.42, 1546257759.0, 65.0, n
x, 42.182005, -79.951162, 3719.801, 32.84, 1545877042.0, 54.0, n
f, 36.873883, -121.244262, 3873.156, 14.32, 1546047779.0, 43.0, n
x, 43.614091, -106.068952, 4059.634, 42.26, 1546282601.0, 89.0, n
k, 45.508634, -111.076687, 1798.27, 39.39, 1545707691.0, 24.0, n
d, 37.162827, -70.289383, 6233.626, 40.98, 1546016226.0, 90.0, n
l, 36.630737, -70.345415, 5988.45, 19.05, 1545475295.0, 97.0, n
o, 43.706472, -87.329483, 5710.678, 33.36, 1545441836.0, 22.0, n
x, 45.54081, -68.748476, 4148.11, 26.27, 1545776570.0, 88.0, n
w, 39.551529, -116.39808, 6971.858, 23.84, 1545326405.0, 90.0, n
x, 38.758938, -113.968725, 2258.18, 30.55, 1546088509.0, 20.0, n
i, 33.437557, -87.527497, 5068.725, 7.48, 1546441339.0, 62.0, n
r, 44.331578, -118.498947, 6484.242, 36.18, 1546378161.0, 58.0, n
q, 47.678187, -72.472337, 6336.698, 21.12, 1545321228.0, 45.0, n
g, 30.633294, -111.683265, 544.496, 21.74, 1546169673.0, 37.0, n
o, 38.415962, -99.057483, 3701.942, 41.78, 1545608603.0, 52.0, n
h, 27.002786, -97.198184, 6049.509, 6.98, 1545822524.0, 29.0, n
k, 29.602352, -91.495791, 281.174, 16.91, 1545575176.0, 52.0, n
e, 40.982131, -67.095278, 2932.918, 19.47, 1546370304.0, 21.0, n
l, 39.808831, -124.917602, 5804.403, 21.15, 1545618341.0, 75.0, n
s, 34.825098, -90.255764, 851.057, 35.48, 1545546916.0, 19.0, n
z, 41.182653, -123.432128, 4199.743, 25.16, 1545915911.0, 95.0, n
g, 30.514025, -104.960534, 4147.429, 9.27, 1546012167.0, 82.0, n
c, 25.724286, -67.765784, 4811.173, 29.19, 1545785875.0, 84.0, n
w, 26.353623, -97.198029, 4388.074, 40.16, 1546402886.0, 54.0, n
f, 34.259818, -122.783594, 2078.896, 9.05, 1545818805.0, 11.0, n
y, 49.534663, -100.899913, 1054.265, 13.4, 1546851519.0, 43.0, n
t, 42.128359, -121.397433, 3068.42, 33.63, 1545372633.0, 67.0, n
w, 49.248361, -95.73916, 3889.076, 18.99, 1545574505.0, 76.0, n
m, 30.571109, -111.667514, 6412.691, 23.94, 1546896172.0, 23.0, n
o, 46.063248, -111.196859, 4100.821, 8.19, 1546205117.0, 46.0, n
o, 48.492889, -70.506987, 6738.37, 28.86, 1545600255.0, 94.0, n
u, 42.982502, -107.204775, 5423.127, 27.92, 1546211443.0, 37.0, n
a, 35.496524, -108.38906, 5796.069, 18.74, 1546109042.0, 83.0, n
t, 48.030794, -107.421974, 6515.958, 14.22, 1546809257.0, 59.0, n
n, 32.89642, -88.701377, 5823.411, 22.4, 1545349006.0, 38.0, n
t, 48.543991, -74.525018, 1807.996, 31.41, 1546796699.0, 50.0, n
x, 32.712238, -97.581181, 4969.493, 13.07, 1546128309.0, 33.0, n
p, 37.622534, -96.794969, 6197.831, 28.9, 1545884560.0, 58.0, n
w, 41.298134, -96.736335, 159.096, 8.38, 1545585014.0, 86.0, n
g, 27.848075, -112.121897, 872.132, 14.67, 1546627689.0, 52.0, n
q, 44.869465, -105.569522, 5800.853, 23.82, 1545371604.0, 27.0, n
c, 43.171815, -114.916431, 220.246, 20.84, 1545357685.0, 40.0, n
h, 35.927706, -112.498911, 5232.465, 43.15, 1545368540.0, 54.0, n
t, 37.218353, -77.931057, 4737.037, 8.67, 1546418546.0, 58.0, n
p, 29.483825, -98.221846, 4261.309, 31.16, 1546074859.0, 59.0, n
l, 26.02824, -79.819869, 156.972, 6.93, 1546703380.0, 58.0, n
w, 35.038481, -83.332663, 2196.181, 11.1, 1545313555.0, 58.0, n
s, 44.716336, -112.453312, 2774.933, 27.21, 1546338925.0, 10.0, n
f, 34.839653, -73.390432, 6291.085, 9.24, 1546874934.0, 30.0, n
q, 38.520631, -123.241086, 4097.208, 18.38, 1546717964.0, 37.0, n
h, 43.046145, -91.67959, 6914.031, 38.02, 1545972296.0, 32.0, n
v, 39.432965, -87.33058, 3502.891, 18.6, 1546458010.0, 62.0, n
p, 30.76386, -100.408189, 4594.05, 16.75, 1546906271.0, 92.0, n
t, 37.242729, -124.241539, 5690.281, 38.49, 1546256612.0, 12.0, n
s, 35.533803, -73.520048, 4599.215, 28.05, 1545541459.0, 69.0, n
n, 32.596226, -90.268171, 5682.215, 38.31, 1546234945.0, 80.0, n
d, 49.851761, -71.535781, 6732.333, 21.52, 1546848248.0, 55.0, n
h, 38.516695, -89.245519, 1573.587, 43.79, 1546104668.0, 56.0, n
n, 34.694008, -80.298538, 90.11, 23.12, 1546028809.0, 42.0, n
q, 43.889691, -109.987972, 6298.057, 42.78, 1546043519.0, 19.0, n
n, 39.269265, -111.655882, 4773.429, 21.63, 1545415735.0, 11.0, n
m, 37.020257, -114.932436, 3311.579, 26.17, 1545923107.0, 67.0, n
d, 35.714622, -72.83422, 6436.205, 5.13, 1545566747.0, 25.0, n
a, 37.880488, -77.993445, 938.777, 15.58, 1545318789.0, 33.0, n
k, 29.621688, -88.258561, 4628.736, 13.64, 1545465390.0, 38.0, n
h, 30.646065, -121.341508, 5515.677, 19.66, 1546510441.0, 66.0, n
v, 43.78992, -91.405259, 3906.115, 13.65, 1546378487.0, 15.0, n
y, 45.397677, -101.838969, 2302.493, 35.88, 1545661783.0, 99.0, n
i, 33.518986, -70.06711, 6482.585, 30.61, 1545586372.0, 28.0, n
p, 44.350499, -67.522836, 4239.68, 42.85, 1545980874.0, 52.0, n
v, 36.229513, -73.425824, 6388.357, 41.68, 1546245420.0, 65.0, n
r, 43.254211, -107.366878, 5242.311, 28.38, 1546562828.0, 88.0, n
e, 38.729989, -102.941244, 4708.842, 42.08, 1545428154.0, 87.0, n
v, 31.766902, -111.957077, 1892.88, 16.03, 1546672519.0, 20.0, n
b, 41.157285, -93.920022, 2135.533, 11.84, 1545676813.0, 86.0, n
q, 35.76441, -107.368954, 3486.65, 20.55, 1546278837.0, 17.0, n
x, 38.994426, -90.067545, 6615.371, 34.42, 1546037205.0, 26.0, n
r, 40.823635, -93.083759, 915.007, 7.28, 1545687223.0, 44.0, n
c, 42.982645, -83.953449, 3299.504, 35.08, 1546054017.0, 40.0, n
t, 40.63954, -73.876573, 1308.798, 12.54, 1546764495.0, 53.0, n
h, 42.416434, -71.131094, 1644.671, 12.35, 1545968079.0, 27.0, n
y, 44.865921, -106.970642, 4347.918, 26.53, 1546163324.0, 36.0, n
j, 47.520034, -105.355395, 545.404, 19.75, 1545788270.0, 18.0, n
r, 30.845769, -110.883505, 4360.997, 14.78, 1545893871.0, 11.0, n
c, 35.052333, -71.542576, 3278.135, 17.06, 1545952590.0, 48.0, n
k, 44.373734, -86.997199, 606.409, 23.09, 1546298018.0, 71.0, n
u, 41.485722, -122.940223, 1939.95, 27.63, 1545766896.0, 53.0, n
w, 30.167568, -95.906651, 5827.758, 32.95, 1545599407.0, 79.0, n
o, 26.967806, -91.893631, 1231.824, 6.59, 1546384957.0, 52.0, n
e, 40.378616, -78.27781, 2276.567, 14.65, 1545680993.0, 38.0, n
t, 31.4931, -120.9798, 5276.954, 29.12, 1546842966.0, 26.0, n
i, 28.759265, -72.921978, 6992.713, 32.91, 1545847055.0, 35.0, n
t, 44.922965, -118.752302, 2106.482, 25.45, 1545541094.0, 89.0, n
s, 26.85153, -82.471823, 5542.791, 42.72, 1545548395.0, 63.0, n
w, 30.748835, -94.595047, 3133.188, 34.13, 1545575630.0, 66.0, n
u, 45.927959, -119.296116, 2911.144, 19.13, 1545381878.0, 22.0, n
a, 29.467632, -116.777511, 526.234, 21.96, 1545516768.0, 71.0, n
w, 33.938364, -124.154003, 4244.33, 40.3, 1545500403.0, 63.0, n
t, 39.673905, -110.400236, 2524.786, 10.11, 1546379689.0, 98.0, n
u, 30.643414, -110.584956, 5713.998, 16.14, 1545393199.0, 42.0, n
m, 28.339176, -82.643716, 6603.811, 12.49, 1546249513.0, 41.0, n
h, 48.232132, -117.63109, 3876.913, 20.88, 1545540937.0, 50.0, n
o, 48.943463, -77.967443, 4821.908, 27.98, 1546340162.0, 15.0, n
z, 40.570163, -107.536363, 5290.608, 12.95, 1546250571.0, 37.0, n
a, 28.307039, -104.365812, 4978.98, 27.99, 1545927632.0, 22.0, n
v, 33.245031, -81.516272, 5119.501, 26.38, 1545889400.0, 90.0, n
w, 26.89963, -103.474022, 4832.91, 38.24, 1545723687.0, 50.0, n
i, 36.404199, -91.218977, 3623.823, 12.88, 1546212247.0, 15.0, n
x, 34.650289, -67.597704, 373.79, 6.49, 1546783083.0, 50.0, n
j, 35.307259, -85.644356, 2787.77, 30.76, 1545623698.0, 26.0, n
r, 49.615738, -114.80957, 4584.982, 17.92, 1546182564.0, 74.0, n
c, 40.494343, -113.086884, 5432.247, 38.3, 1546720502.0, 13.0, n
e, 33.18421, -114.900111, 4922.288, 44.93, 1546620107.0, 70.0, n
p, 30.010103, -67.179816, 2575.325, 20.43, 1545858489.0, 75.0, n
x, 37.48516, -71.509859, 596.179, 33.2, 1546830981.0, 22.0, n
r, 34.726428, -104.928153, 2675.618, 22.81, 1545289999.0, 30.0, n
r, 31.128694, -77.465004, 4539.839, 24.42, 1545615186.0, 65.0, n
u, 28.098589, -91.146473, 493.924, 27.29, 1545866709.0, 90.0, n
d, 39.888941, -81.324221, 1118.436, 27.72, 1545934966.0, 82.0, n
s, 44.116354, -82.656369, 2970.375, 42.64, 1546880568.0, 13.0, n
h, 45.035379, -72.76396, 3202.319, 44.32, 1546859592.0, 98.0, n
l, 43.782511, -91.677561, 6667.838, 18.63, 1546007952.0, 35.0, n
y, 28.676388, -84.964298, 4719.578, 31.52, 1546335598.0, 67.0, n
z, 49.209561, -82.70121, 3107.535, 5.81, 1545450147.0, 68.0, n
i, 37.287979, -73.457909, 1017.85, 23.8, 1545295413.0, 65.0, n
h, 41.625382, -116.610826, 1371.925, 42.13, 1546253828.0, 21.0, n
v, 40.190477, -119.092973, 3554.119, 19.53, 1546683898.0, 68.0, n
l, 36.756126, -118.190548, 1452.83, 9.27, 1545374967.0, 83.0, n
w, 46.086975, -93.091609, 4618.612, 41.5, 1546023811.0, 95.0, n
f, 46.805882, -76.202924, 3072.836, 43.29, 1545719164.0, 91.0, n
z, 45.378589, -75.792005, 6490.886, 11.81, 1545846704.0, 27.0, n
g, 33.550617, -97.903642, 6462.048, 33.68, 1545370714.0, 13.0, n
x, 40.316038, -106.272788, 1610.748, 20.06, 1545458968.0, 44.0, n
w, 29.761071, -75.777267, 4489.879, 25.44, 1545305874.0, 59.0, n
q, 33.594904, -107.839825, 1218.399, 38.88, 1546895527.0, 21.0, n
i, 46.000039, -107.352928, 2264.694, 23.99, 1545429851.0, 40.0, n
t, 28.280116, -82.036366, 5760.242, 34.38, 1546535251.0, 35.0, n
a, 31.23978, -110.807838, 788.473, 20.74, 1546778555.0, 46.0, n
m, 34.729181, -119.560569, 6538.25, 5.6, 1546162241.0, 69.0, n
z, 34.765596, -106.358345, 4494.47, 14.02, 1545687035.0, 96.0, n
n, 44.92181, -101.65852, 5725.926, 22.82, 1545515843.0, 99.0, n
v, 26.35154, -85.746307, 1021.264, 23.79, 1546435602.0, 67.0, n
j, 47.381333, -68.331816, 1748.287, 38.79, 1546717019.0, 64.0, n
q, 26.945755, -83.349145, 1875.736, 11.51, 1545400256.0, 82.0, n
a, 29.17343, -107.053189, 6143.839, 27.3, 1545575577.0, 39.0, n
u, 45.347028, -98.229575, 3.204, 27.11, 1546169276.0, 53.0, n
m, 28.737993, -105.546298, 2272.279, 15.0, 1546387387.0, 97.0, n
f, 37.909668, -112.58419, 4214.479, 19.12, 1546841236.0, 24.0, n
u, 45.003033, -106.496648, 6497.018, 6.7, 1546043746.0, 86.0, n
d, 43.917909, -111.244074, 3836.557, 36.5, 1546861807.0, 32.0, n
q, 32.952752, -87.704946, 2700.865, 38.03, 1546015796.0, 51.0, n
c, 41.729748, -112.345225, 4452.999, 43.7, 1545770845.0, 66.0, n
a, 46.943153, -97.261416, 4926.836, 29.84, 1545416260.0, 22.0, n
t, 42.480878, -91.454376, 1234.747, 11.52, 1546668461.0, 27.0, n
y, 42.042837, -86.442861, 6734.742, 34.13, 1545914487.0, 99.0, n
a, 43.394697, -78.829458, 3824.214, 30.06, 1546794641.0, 97.0, n
y, 31.811124, -122.757592, 5898.54, 12.21, 1546117047.0, 14.0, n
q, 40.703127, -87.465102, 835.47, 5.63, 1546911602.0, 16.0, n
j, 26.88499, -102.737807, 2050.823, 9.28, 1545678684.0, 96.0, n
k, 39.449504, -110.399299, 5522.541, 11.33, 1545899404.0, 55.0, n
l, 47.742326, -96.04606, 699.472, 30.29, 1546626453.0, 85.0, n
u, 48.837818, -115.755464, 6858.804, 42.35, 1546045588.0, 83.0, n
e, 44.557553, -117.169231, 2580.454, 13.27, 1546182379.0, 50.0, n
r, 32.446704, -86.166197, 95.046, 17.38, 1546611319.0, 68.0, n
v, 36.68347, -108.070075, 561.439, 28.33, 1546102854.0, 19.0, n
h, 32.036117, -124.180758, 2464.771, 27.0, 1545982933.0, 92.0, n
l, 32.15408, -89.241851, 1147.547, 15.79, 1546897528.0, 83.0, n
i, 39.928036, -102.991278, 2151.564, 23.1, 1546447621.0, 91.0, n
j, 49.534581, -67.582214, 1524.101, 23.66, 1545533782.0, 25.0, n
i, 38.240749, -124.662971, 2314.525, 24.18, 1545904648.0, 64.0, n
h, 47.409251, -103.609158, 2094.269, 34.64, 1546238629.0, 19.0, n
g, 26.023531, -122.232661, 170.161, 19.33, 1546387112.0, 20.0, n
i, 37.359504, -85.591346, 712.058, 31.65, 1546884562.0, 25.0, n
b, 41.922876, -93.819058, 3713.514, 5.9, 1546755270.0, 22.0, n
t, 25.708075, -113.096211, 6200.685, 37.98, 1545813904.0, 73.0, n
m, 43.389692, -96.029842, 679.669, 11.49, 1546607597.0, 84.0, n
a, 25.846297, -91.118563, 3462.021, 8.87, 1546876583.0, 83.0, n
u, 44.869723, -125.035155, 1953.63, 5.7, 1545516377.0, 97.0, n
n, 35.977893, -103.002895, 3296.211, 15.55, 1545868100.0, 33.0, n
d, 37.59671, -69.307053, 5886.26, 33.9, 1545529007.0, 50.0, n
a, 37.624573, -101.794713, 5781.7, 37.56, 1546766555.0, 96.0, n
r, 33.501651, -101.731072, 6868.343, 22.79, 1546032497.0, 54.0, n
v, 33.665705, -119.961474, 4005.278, 8.14, 1545546391.0, 28.0, n
x, 25.685948, -78.225702, 1372.498, 19.59, 1545885181.0, 66.0, n
n, 36.784013, -118.547943, 6564.575, 17.31, 1545777349.0, 64.0, n
q, 31.075889, -77.848421, 6252.017, 23.71, 1546878060.0, 47.0, n
v, 39.528063, -119.339593, 1031.272, 25.2, 1545942033.0, 86.0, n
r, 29.955136, -121.634701, 856.777, 42.89, 1545802696.0, 71.0, n
u, 35.021274, -89.18795, 5187.168, 17.5, 1545435065.0, 71.0, n
p, 32.503014, -113.738093, 781.571, 18.2, 1546396899.0, 61.0, n
p, 49.289356, -117.630081, 1651.598, 16.22, 1546570847.0, 78.0, n
w, 40.858672, -117.248569, 3657.264, 25.87, 1545702961.0, 83.0, n
o, 49.899873, -109.460485, 6807.844, 16.94, 1546395360.0, 68.0, n
o, 43.844812, -103.224218, 752.964, 30.03, 1546821669.0, 33.0, n
y, 28.409444, -111.210494, 3855.463, 36.86, 1545575014.0, 77.0, n
n, 33.021834, -66.743414, 6856.325, 29.62, 1546134264.0, 47.0, n
t, 32.26728, -105.609372, 6858.663, 20.68, 1546448535.0, 29.0, n
s, 32.527751, -73.597396, 6160.75, 31.48, 1546360745.0, 23.0, n
n, 39.015875, -77.315729, 6641.719, 11.35, 1545727763.0, 88.0, n
l, 26.177464, -82.964482, 2920.515, 11.51, 1546469949.0, 52.0, n
g, 47.455728, -96.76699, 2003.258, 25.77, 1545901965.0, 11.0, n
u, 35.101162, -102.770827, 2063.958, 36.91, 1546801764.0, 89.0, n
f, 25.524561, -86.49753, 6823.824, 29.23, 1545541979.0, 62.0, n
z, 37.884403, -104.542275, 3445.47, 18.99, 1546215411.0, 71.0, n
j, 43.266846, -81.184498, 4613.09, 17.59, 1545546813.0, 25.0, n
k, 39.311693, -118.789655, 2891.023, 8.63, 1546056235.0, 23.0, n
o, 40.873014, -107.445288, 2563.846, 39.74, 1546223269.0, 65.0, n
c, 30.083362, -79.765632, 1441.02, 12.39, 1545732080.0, 16.0, n
v, 47.649774, -95.468476, 1398.572, 38.96, 1546841250.0, 50.0, n
k, 43.964794, -82.022404, 4577.293, 32.11, 1545758668.0, 35.0, n
i, 44.358685, -118.763796, 1970.628, 12.58, 1545305076.0, 37.0, n
v, 32.648552, -75.784286, 1883.476, 16.55, 1545998958.0, 56.0, n
b, 26.917485, -119.162738, 2602.807, 19.22, 1545374780.0, 43.0, n
a, 38.063959, -79.343916, 6012.484, 9.08, 1545790147.0, 30.0, n
x, 44.517459, -84.996865, 6812.51, 26.2, 1546250886.0, 56.0, n
g, 32.797349, -102.168103, 6581.027, 8.66, 1546053468.0, 63.0, n
n, 25.591769, -86.873683, 1465.095, 25.4, 1546664765.0, 87.0, n
r, 42.739589, -70.627225, 460.513, 19.45, 1546494896.0, 39.0, n
h, 35.095037, -111.594423, 6076.546, 17.2, 1545636917.0, 61.0, n
k, 31.744657, -109.886089, 6542.088, 42.24, 1545312464.0, 85.0, n
w, 41.431085, -124.06094, 6999.221, 37.93, 1546688178.0, 50.0, n
g, 32.275611, -77.383074, 4616.595, 26.49, 1546216983.0, 95.0, n
o, 36.16912, -93.575923, 439.662, 25.31, 1546729900.0, 61.0, n
g, 29.788903, -96.575758, 4452.573, 39.33, 1546829584.0, 68.0, n
p, 32.473202, -86.747604, 3328.362, 23.09, 1545423319.0, 63.0, n
x, 43.415826, -121.645249, 5301.411, 22.15, 1545390134.0, 15.0, n
i, 30.819212, -102.791436, 6930.501, 8.67, 1545350085.0, 40.0, n
v, 39.609912, -81.859006, 2460.69, 14.89, 1545693305.0, 20.0, n
i, 28.968375, -80.598813, 5393.71, 33.02, 1546474614.0, 13.0, n
t, 39.033285, -106.067759, 1255.203, 28.82, 1546657063.0, 98.0, n
j, 34.742194, -73.933399, 6893.673, 13.66, 1546581765.0, 64.0, n
j, 45.034602, -107.858223, 1318.702, 10.19, 1546409598.0, 51.0, n
r, 49.841967, -79.228376, 3875.76, 12.9, 1545849484.0, 44.0, n
e, 27.325201, -122.516669, 181.052, 39.75, 1546567107.0, 85.0, n
m, 34.779879, -89.591153, 1532.768, 18.97, 1545740960.0, 98.0, n
u, 29.125712, -108.327613, 6410.031, 36.47, 1545393121.0, 68.0, n
n, 41.950403, -123.306237, 4574.892, 19.14, 1545758222.0, 78.0, n
m, 47.921651, -80.458429, 627.921, 33.36, 1546124146.0, 81.0, n
n, 32.497274, -98.723426, 5666.903, 20.7, 1546029759.0, 90.0, n
m, 48.189466, -80.838157, 1455.911, 18.29, 1546166540.0, 57.0, n
j, 33.225058, -97.829062, 2185.025, 21.99, 1546795406.0, 85.0, n
h, 40.806264, -118.874729, 4826.327, 18.44, 1545408668.0, 43.0, n
u, 48.597249, -98.480433, 4184.307, 28.06, 1546621096.0, 27.0, n
i, 39.577821, -103.006556, 2024.056, 35.21, 1545548158.0, 20.0, n
o, 47.839426, -71.57881, 6254.483, 20.31, 1546264378.0, 44.0, n
s, 38.352312, -81.024256, 6864.499, 22.25, 1545750314.0, 17.0, n
r, 37.08435, -86.915133, 2063.478, 18.39, 1545290685.0, 79.0, n
x, 33.253755, -99.985415, 5200.216, 39.12, 1546816511.0, 17.0, n
t, 41.267056, -68.3386, 5843.299, 28.88, 1546113198.0, 67.0, n
a, 39.66402, -121.659369, 4723.95, 12.08, 1546802757.0, 73.0, n
y, 34.499667, -100.210267, 591.389, 15.79, 1546317281.0, 76.0, n
e, 37.184126, -101.910356, 6726.402, 11.55, 1546862706.0, 12.0, n
d, 48.78768, -83.073217, 1161.828, 36.27, 1546262303.0, 57.0, n
