l,46.624128,-78.994857,1334.129,37.45,1546039795.0,94.0,s0
d,46.624129,-78.994852,1334.27,37.77,1546039795,1092,s0
y,46.624137,-78.994854,1334.34,38.24,1546039795,731,s0
l,46.624134,-78.994849,1334.31,37.81,1546039796,814,s0
v,46.624137,-78.994851,1334.62,37.67,1546039796,169,s0
b,46.62413,-78.994849,1334.3,38.11,1546039795,971,s0
g,25.814632,-86.791775,3217.564,40.61,1545298946.0,58.0,s1
p,25.814633,-86.791764,3217.77,41.3,1545298947,924,s1
s,25.814634,-86.79177,3218.04,40.95,1545298946,801,s1
w,25.81464,-86.79177,3217.9,41.38,1545298947,808,s1
v,25.814636,-86.791766,3218.36,41.21,1545298946,274,s1
a,25.814637,-86.791766,3217.98,40.72,1545298946,817,s1
b,40.436008,-69.402367,5737.643,34.26,1546405893.0,69.0,s2
i,40.436014,-69.402357,5738.15,34.74,1546405893,253,s2
d,40.436014,-69.402362,5738.48,35.17,1546405894,711,s2
t,40.436017,-69.402367,5738.31,34.65,1546405893,712,s2
x,40.436012,-69.402364,5738.11,34.68,1546405894,112,s2
g,40.436008,-69.402359,5737.81,35.07,1546405894,174,s2
a,37.618929,-84.509825,2869.627,42.88,1546596825.0,28.0,s3
i,37.618932,-84.509814,2870.39,43.61,1546596826,85,s3
p,37.618939,-84.50982,2870.34,42.94,1546596826,663,s3
e,37.618938,-84.509816,2870.43,43.56,1546596826,878,s3
e,37.61894,-84.509821,2869.79,43.56,1546596826,478,s3
c,37.618932,-84.50982,2870.27,43.41,1546596825,587,s3
y,27.513163,-75.80528,4026.426,41.21,1546564962.0,55.0,s4
g,27.513173,-75.805274,4026.56,41.59,1546564962,1039,s4
b,27.513173,-75.805278,4026.78,41.83,1546564963,689,s4
q,27.513168,-75.80527,4027.27,41.84,1546564963,330,s4
j,27.513172,-75.805278,4026.75,42.05,1546564962,184,s4
i,27.513164,-75.805271,4027.34,42.06,1546564962,676,s4
d,47.798919,-111.581043,6810.185,6.9,1545792651.0,26.0,s5
i,47.798926,-111.581033,6810.34,7.16,1545792652,92,s5
l,47.79892,-111.581035,6810.2,7.51,1545792651,774,s5
m,47.798925,-111.58104,6810.21,7.23,1545792652,1023,s5
f,47.798929,-111.581032,6810.53,7.04,1545792651,416,s5
q,47.798926,-111.581038,6810.87,7.81,1545792651,419,s5
w,26.215582,-99.069091,3761.343,14.86,1545827817.0,30.0,s6
e,26.215593,-99.069089,3761.92,15.81,1545827817,338,s6
p,26.215584,-99.069081,3761.56,14.89,1545827818,584,s6
t,26.215584,-99.069086,3761.4,15.47,1545827818,164,s6
l,26.215593,-99.069084,3761.61,15.45,1545827818,927,s6
t,26.21559,-99.06909,3761.43,15.02,1545827818,180,s6
k,30.796985,-84.294199,2092.59,25.69,1546457209.0,60.0,s7
p,30.796985,-84.294192,2093.01,26.37,1546457210,680,s7
k,30.796987,-84.294197,2092.99,26.5,1546457210,355,s7
t,30.796992,-84.294193,2092.71,25.85,1546457209,173,s7
p,30.796986,-84.294199,2093.2,25.99,1546457209,1051,s7
w,30.796994,-84.294197,2092.7,25.85,1546457210,950,s7
t,35.609321,-83.927621,1963.455,37.49,1546901763.0,17.0,s8
c,35.609326,-83.92762,1963.85,37.64,1546901763,991,s8
c,35.609322,-83.927611,1963.73,37.92,1546901763,506,s8
h,35.609328,-83.927612,1963.53,37.85,1546901764,808,s8
a,35.609322,-83.927611,1964.04,38.05,1546901763,294,s8
r,35.609322,-83.927611,1963.97,38.14,1546901764,743,s8
g,41.246491,-88.364404,2925.241,18.17,1545968255.0,35.0,s9
e,41.246491,-88.364403,2925.33,18.67,1545968256,324,s9
n,41.246497,-88.364395,2925.46,18.56,1545968255,274,s9
l,41.246495,-88.364403,2925.89,18.46,1545968255,646,s9
v,41.246499,-88.364394,2925.96,18.88,1545968255,250,s9
d,41.246495,-88.364402,2925.36,18.73,1545968255,475,s9
s,31.262005,-95.900744,2121.335,9.02,1546871254.0,76.0,s10
c,31.26201,-95.900743,2121.47,9.99,1546871255,413,s10
l,31.262009,-95.900744,2121.43,9.73,1546871255,741,s10
h,31.262011,-95.900744,2122.26,9.75,1546871255,392,s10
n,31.262009,-95.900736,2121.39,9.48,1546871255,779,s10
p,31.262008,-95.900743,2121.95,9.12,1546871254,519,s10
m,30.544478,-87.430423,4755.475,42.95,1546253595.0,28.0,s11
x,30.54448,-87.430412,4755.85,43.93,1546253595,94,s11
y,30.544482,-87.430415,4755.55,43.77,1546253596,268,s11
c,30.544484,-87.430419,4755.98,43.58,1546253596,738,s11
b,30.54448,-87.430421,4755.66,43.9,1546253596,991,s11
p,30.544484,-87.430422,4756.16,43.17,1546253595,34,s11
z,40.819468,-99.864653,2399.862,42.11,1546026376.0,85.0,s12
j,40.819479,-99.864646,2400.76,42.47,1546026377,952,s12
e,40.819477,-99.864646,2400.51,42.2,1546026377,1043,s12
k,40.819474,-99.86465,2399.87,42.89,1546026376,869,s12
y,40.819475,-99.864652,2400.16,43.01,1546026377,452,s12
w,40.819478,-99.864646,2400.61,42.78,1546026376,860,s12
m,39.68929,-80.928855,1390.562,43.7,1546830230.0,63.0,s13
x,39.689292,-80.928848,1391.03,44.67,1546830230,403,s13
z,39.689293,-80.928848,1391.07,44.38,1546830230,692,s13
h,39.689292,-80.928849,1390.82,44.6,1546830230,334,s13
i,39.6893,-80.928854,1391.54,44.06,1546830231,914,s13
s,39.689291,-80.928851,1391.51,44.23,1546830231,733,s13
y,25.735341,-86.850039,1781.432,13.33,1545609095.0,48.0,s14
u,25.735342,-86.850032,1782.06,14.2,1545609096,791,s14
j,25.735348,-86.850035,1781.69,13.51,1545609096,106,s14
f,25.73535,-86.850035,1781.49,14.02,1545609096,961,s14
q,25.735348,-86.850034,1782.27,13.77,1545609095,873,s14
w,25.735351,-86.850035,1781.65,13.8,1545609096,727,s14
q,26.969746,-102.703146,6861.389,19.68,1545495699.0,36.0,s15
m,26.96975,-102.703135,6862.06,19.98,1545495699,701,s15
x,26.969752,-102.703146,6861.96,19.94,1545495700,891,s15
v,26.969756,-102.703139,6861.44,20.37,1545495699,977,s15
q,26.969753,-102.703139,6861.73,19.85,1545495699,1010,s15
p,26.969755,-102.703145,6862.16,20.42,1545495700,65,s15
m,38.398432,-99.730853,1624.656,18.78,1546761830.0,29.0,s16
a,38.398438,-99.730846,1625.26,19.6,1546761830,287,s16
v,38.398443,-99.730845,1624.77,19.66,1546761830,349,s16
z,38.39844,-99.730846,1624.66,19.27,1546761830,795,s16
t,38.398435,-99.730849,1625.52,19.19,1546761830,438,s16
m,38.398439,-99.730849,1625.6,19.6,1546761830,123,s16
f,34.752535,-101.034032,3517.325,18.99,1546529396.0,46.0,s17
g,34.752544,-101.034027,3517.44,19.57,1546529397,1038,s17
l,34.752542,-101.034024,3517.46,19.51,1546529396,851,s17
k,34.752545,-101.034021,3517.78,19.51,1546529396,127,s17
g,34.752546,-101.034029,3518.19,19.19,1546529396,929,s17
d,34.752537,-101.034027,3517.44,19.76,1546529396,419,s17
c,45.208357,-123.531295,3893.042,29.43,1546808578.0,38.0,s18
e,45.208362,-123.531286,3893.95,29.96,1546808579,218,s18
b,45.208357,-123.531288,3893.26,29.62,1546808579,450,s18
w,45.208368,-123.531284,3893.55,30.42,1546808579,818,s18
j,45.208364,-123.531293,3893.74,30.27,1546808579,109,s18
v,45.208365,-123.531293,3893.9,29.47,1546808579,139,s18
t,26.755603,-79.411832,2121.275,11.49,1546849331.0,35.0,s19
d,26.755612,-79.411832,2121.8,12.45,1546849331,770,s19
o,26.755603,-79.411828,2122.2,12.12,1546849331,342,s19
y,26.755609,-79.411826,2121.57,11.54,1546849331,380,s19
y,26.755605,-79.411828,2121.54,12.04,1546849331,295,s19
f,26.755604,-79.411828,2122.18,12.42,1546849332,845,s19
y,40.516828,-67.612603,1234.184,31.14,1546574155.0,82.0,s20
o,40.516838,-67.612595,1235.07,31.76,1546574156,851,s20
t,40.516834,-67.612593,1234.23,31.59,1546574155,547,s20
w,40.516837,-67.612602,1234.58,31.22,1546574156,589,s20
v,40.516832,-67.612596,1235.1,32.02,1546574155,539,s20
x,40.51683,-67.612593,1234.4,32.08,1546574155,761,s20
a,44.19876,-102.755859,2479.057,30.16,1546536324.0,85.0,s21
g,44.198768,-102.755848,2479.33,30.78,1546536324,153,s21
k,44.198764,-102.755849,2479.17,30.2,1546536324,252,s21
a,44.198763,-102.755853,2479.96,30.39,1546536324,896,s21
y,44.198771,-102.755857,2479.15,31.1,1546536324,345,s21
i,44.198763,-102.755854,2479.11,30.93,1546536324,448,s21
a,31.013854,-113.583682,6317.412,22.53,1545998403.0,41.0,s22
y,31.013855,-113.583673,6317.82,22.93,1545998404,432,s22
o,31.013862,-113.583675,6318.16,23.35,1545998403,319,s22
j,31.01386,-113.583678,6317.97,23.48,1545998404,453,s22
h,31.013857,-113.583677,6317.66,22.8,1545998404,129,s22
s,31.013864,-113.583678,6318.35,23.4,1545998403,411,s22
p,42.73805,-122.140204,6059.826,38.12,1546256697.0,48.0,s23
w,42.73805,-122.140202,6060.55,38.9,1546256698,314,s23
t,42.738051,-122.140194,6060.61,38.21,1546256697,679,s23
r,42.738051,-122.1402,6059.95,38.2,1546256698,413,s23
j,42.738051,-122.140194,6060.7,38.22,1546256698,702,s23
v,42.738059,-122.140199,6060.57,38.86,1546256697,514,s23
q,40.528319,-85.688131,6783.591,41.39,1545411695.0,24.0,s24
t,40.528329,-85.688122,6784.5,41.67,1545411696,629,s24
t,40.528323,-85.688127,6783.83,42.26,1545411695,973,s24
n,40.528323,-85.688129,6783.71,41.95,1545411695,1003,s24
s,40.528328,-85.688125,6784.35,42.28,1545411695,25,s24
w,40.528324,-85.688128,6784.07,42.11,1545411696,658,s24
b,39.485436,-81.26077,6580.826,17.0,1545597122.0,22.0,s25
m,39.485446,-81.260762,6581.29,17.56,1545597123,696,s25
z,39.485445,-81.260768,6581.52,17.14,1545597123,439,s25
q,39.485443,-81.26076,6581.48,17.59,1545597123,983,s25
r,39.485443,-81.260769,6581.76,17.39,1545597123,187,s25
l,39.48544,-81.260759,6581.72,17.2,1545597123,465,s25
r,48.999923,-70.837614,1510.129,42.17,1545382860.0,51.0,s26
x,48.999927,-70.837604,1510.28,43.07,1545382860,975,s26
g,48.999924,-70.837607,1511.07,42.55,1545382860,423,s26
d,48.99993,-70.837609,1510.74,42.98,1545382861,887,s26
c,48.999928,-70.837606,1510.83,42.77,1545382861,221,s26
x,48.999927,-70.837606,1510.66,42.42,1545382861,1036,s26
p,40.375314,-80.953286,6112.524,35.47,1546345926.0,43.0,s27
x,40.375322,-80.953284,6113.36,35.79,1546345926,598,s27
k,40.375317,-80.953285,6112.79,36.31,1546345926,341,s27
l,40.375321,-80.95328,6112.68,36.39,1546345927,890,s27
b,40.375318,-80.953276,6112.81,36.44,1546345927,338,s27
k,40.375317,-80.953278,6113.16,36.37,1546345927,170,s27
l,47.66078,-114.665904,2374.441,44.83,1546143730.0,97.0,s28
k,47.660781,-114.665897,2374.76,45.32,1546143730,415,s28
e,47.660786,-114.665895,2375.07,45.21,1546143730,378,s28
n,47.66079,-114.665901,2374.85,45.72,1546143730,204,s28
h,47.66079,-114.665904,2374.69,45.73,1546143731,473,s28
a,47.660787,-114.665896,2374.65,45.23,1546143731,429,s28
g,35.690281,-80.470317,4808.579,12.43,1546302658.0,22.0,s29
z,35.690282,-80.470312,4809.06,12.62,1546302659,388,s29
b,35.690282,-80.470306,4809.22,12.91,1546302658,146,s29
p,35.690291,-80.470314,4809.09,12.61,1546302659,186,s29
g,35.690291,-80.470308,4808.65,13.13,1546302658,71,s29
a,35.690289,-80.470308,4808.88,13.17,1546302659,311,s29
e,26.452483,-79.447278,6986.233,39.48,1545329215.0,25.0,s30
h,26.452484,-79.44727,6987.19,40.38,1545329215,888,s30
z,26.452485,-79.447273,6986.46,39.97,1545329216,92,s30
e,26.452487,-79.447268,6986.71,39.79,1545329216,823,s30
o,26.452487,-79.447277,6986.45,39.87,1545329216,608,s30
m,26.452491,-79.447269,6986.24,39.81,1545329215,717,s30
k,38.603407,-69.490603,691.734,44.0,1545731980.0,18.0,s31
b,38.603408,-69.4906,692.69,44.68,1545731981,206,s31
k,38.603409,-69.490597,691.73,44.94,1545731981,162,s31
p,38.603407,-69.490598,692.42,44.8,1545731980,881,s31
h,38.603413,-69.490599,692.22,44.66,1545731980,817,s31
x,38.603411,-69.490596,692.19,44.78,1545731981,190,s31
c,43.247858,-74.666337,4988.977,31.08,1545577607.0,95.0,s32
k,43.247866,-74.666333,4989.96,31.27,1545577608,707,s32
d,43.247867,-74.666326,4989.11,31.29,1545577608,914,s32
x,43.247864,-74.666328,4989.73,31.24,1545577608,905,s32
l,43.247862,-74.666333,4989.75,31.85,1545577607,493,s32
g,43.247866,-74.666331,4989.53,31.72,1545577608,480,s32
r,33.418455,-86.940803,2978.716,11.83,1546025658.0,42.0,s33
y,33.41846,-86.940796,2979.1,12.63,1546025658,859,s33
h,33.41846,-86.940801,2979.54,12.22,1546025658,321,s33
v,33.418464,-86.9408,2978.92,12.29,1546025658,386,s33
d,33.418465,-86.9408,2978.89,12.19,1546025658,300,s33
c,33.418464,-86.940793,2979.06,12.23,1546025658,664,s33
h,29.312396,-102.627303,1072.599,10.39,1545611443.0,67.0,s34
h,29.312403,-102.627295,1072.69,10.64,1545611444,917,s34
u,29.312405,-102.6273,1072.69,11.06,1545611443,594,s34
p,29.312401,-102.627294,1073.13,11.18,1545611444,608,s34
u,29.312405,-102.627302,1072.82,11.14,1545611444,118,s34
d,29.312404,-102.627292,1073.09,10.49,1545611443,581,s34
s,46.487235,-76.735247,4819.04,43.08,1546302764.0,86.0,s35
q,46.487243,-76.735241,4819.39,43.42,1546302764,625,s35
b,46.487243,-76.735245,4819.74,43.94,1546302764,468,s35
n,46.487241,-76.735237,4819.23,43.95,1546302764,626,s35
l,46.487239,-76.735237,4819.22,43.92,1546302764,202,s35
i,46.487242,-76.735245,4819.28,43.63,1546302764,1021,s35
w,30.294161,-110.121784,5460.824,32.41,1545610666.0,63.0,s36
n,30.294166,-110.121777,5461.59,33.36,1545610667,585,s36
s,30.294172,-110.121777,5461.39,33.3,1545610667,558,s36
v,30.294161,-110.121779,5461.32,32.67,1545610667,1032,s36
d,30.294169,-110.12178,5461.09,32.9,1545610666,851,s36
o,30.294165,-110.121781,5461.35,33.04,1545610667,862,s36
m,28.976099,-79.486608,1079.902,9.67,1545771890.0,24.0,s37
z,28.976109,-79.486604,1080.23,9.7,1545771890,633,s37
s,28.9761,-79.4866,1080.67,10.15,1545771890,565,s37
l,28.976108,-79.486604,1080.34,9.86,1545771890,1020,s37
x,28.9761,-79.486608,1080.1,10.17,1545771890,752,s37
d,28.976104,-79.486606,1080.1,10.13,1545771890,542,s37
p,36.334262,-102.911398,2982.363,29.6,1545438267.0,17.0,s38
a,36.334271,-102.911392,2983.31,30.48,1545438267,962,s38
i,36.334263,-102.911396,2983.0,30.56,1545438267,765,s38
m,36.33427,-102.91139,2983.07,30.41,1545438268,541,s38
j,36.33427,-102.911395,2983.27,30.51,1545438267,983,s38
p,36.334269,-102.911395,2982.89,30.43,1545438267,580,s38
c,49.858165,-105.074452,253.729,16.26,1545883712.0,97.0,s39
o,49.858168,-105.074442,254.22,16.78,1545883712,970,s39
j,49.858169,-105.074449,254.39,17.13,1545883712,1090,s39
c,49.858175,-105.074446,254.4,16.35,1545883712,912,s39
r,49.858171,-105.07445,254.13,16.5,1545883712,428,s39
a,49.858175,-105.074452,254.4,16.78,1545883712,691,s39
k,48.060675,-72.841114,5871.307,36.8,1546095027.0,41.0,s40
d,48.060686,-72.841111,5871.42,37.4,1546095027,675,s40
x,48.060684,-72.841112,5871.45,37.55,1546095028,977,s40
a,48.060683,-72.841111,5871.69,37.0,1546095028,348,s40
s,48.060684,-72.84111,5871.64,37.15,1546095028,981,s40
i,48.060681,-72.841104,5872.19,36.9,1546095028,631,s40
r,48.487696,-79.431861,6499.945,13.04,1546321965.0,52.0,s41
i,48.487698,-79.43186,6500.28,13.11,1546321965,444,s41
u,48.4877,-79.431859,6500.76,13.8,1546321965,788,s41
b,48.487702,-79.431855,6500.12,13.69,1546321966,145,s41
e,48.487707,-79.431855,6500.59,13.32,1546321966,890,s41
d,48.487707,-79.431859,6500.19,14.0,1546321966,698,s41
c,48.215516,-98.153158,2723.796,8.57,1546532782.0,81.0,s42
d,48.215522,-98.153151,2723.83,9.37,1546532782,1000,s42
r,48.215517,-98.15315,2724.73,8.64,1546532783,1055,s42
s,48.215524,-98.15315,2724.12,9.54,1546532783,1030,s42
b,48.215521,-98.153147,2724.34,9.48,1546532782,478,s42
w,48.215517,-98.153156,2723.99,8.97,1546532783,851,s42
h,30.918772,-70.694197,3740.651,40.59,1546682567.0,11.0,s43
n,30.91878,-70.694192,3741.38,41.49,1546682568,12,s43
c,30.918772,-70.694194,3741.21,41.28,1546682568,670,s43
z,30.918774,-70.694187,3741.6,41.27,1546682568,989,s43
f,30.918774,-70.694187,3740.85,41.46,1546682567,891,s43
h,30.918778,-70.694194,3741.42,41.29,1546682568,572,s43
y,41.601999,-82.983634,3702.258,27.61,1545512140.0,83.0,s44
n,41.602002,-82.983632,3702.63,27.9,1545512140,892,s44
p,41.602009,-82.983627,3703.12,28.46,1545512140,874,s44
c,41.602006,-82.983631,3702.39,27.95,1545512140,771,s44
x,41.602004,-82.983625,3702.53,27.9,1545512140,764,s44
l,41.602007,-82.983632,3702.57,27.87,1545512141,710,s44
s,43.458261,-87.0789,3258.409,17.56,1545701686.0,33.0,s45
h,43.458265,-87.078897,3259.03,18.02,1545701687,1016,s45
o,43.458264,-87.078897,3258.81,18.09,1545701686,766,s45
c,43.458272,-87.078889,3258.62,17.95,1545701686,1023,s45
y,43.458266,-87.07889,3258.55,17.67,1545701687,944,s45
z,43.458271,-87.078893,3258.65,17.99,1545701687,552,s45
l,41.304935,-95.046406,3684.254,14.25,1546656108.0,61.0,s46
a,41.304937,-95.046401,3684.99,14.28,1546656108,1028,s46
e,41.304937,-95.046398,3684.81,14.44,1546656108,960,s46
x,41.304938,-95.046396,3684.57,14.98,1546656108,742,s46
i,41.304941,-95.046404,3684.93,14.77,1546656108,492,s46
w,41.304944,-95.046404,3684.72,15.17,1546656108,482,s46
u,25.741702,-109.90075,1646.306,10.29,1545510084.0,19.0,s47
o,25.74171,-109.900742,1646.56,10.32,1545510085,700,s47
u,25.741709,-109.900746,1646.43,11.19,1545510084,716,s47
c,25.741707,-109.900741,1646.89,11.1,1545510085,145,s47
u,25.74171,-109.900749,1646.86,10.84,1545510085,625,s47
n,25.74171,-109.900747,1647.28,10.49,1545510084,1011,s47
y,45.564819,-102.655077,662.088,11.77,1546230572.0,19.0,s48
t,45.564824,-102.655069,662.13,12.53,1546230573,656,s48
p,45.564829,-102.655075,662.46,12.28,1546230572,691,s48
p,45.564828,-102.65507,662.42,12.2,1546230572,503,s48
d,45.56482,-102.655074,662.33,12.4,1546230572,894,s48
q,45.564825,-102.655072,662.16,12.44,1546230573,120,s48
j,48.414734,-89.177752,2572.758,25.04,1545789860.0,29.0,s49
j,48.414745,-89.177751,2572.92,25.81,1545789860,607,s49
x,48.414743,-89.177748,2573.72,25.93,1545789861,358,s49
h,48.414742,-89.177747,2573.21,25.67,1545789861,869,s49
x,48.414739,-89.177743,2573.4,25.77,1545789861,942,s49
o,48.41474,-89.177747,2572.81,25.08,1545789861,1022,s49
q,49.302458,-113.075659,2673.882,18.77,1545617746.0,99.0,s50
u,49.302464,-113.075651,2674.01,19.23,1545617746,358,s50
i,49.302458,-113.075653,2674.1,19.06,1545617746,717,s50
j,49.302469,-113.075654,2674.69,19.44,1545617746,164,s50
y,49.302467,-113.075653,2673.94,19.23,1545617747,327,s50
q,49.302467,-113.075656,2674.13,19.12,1545617747,165,s50
b,48.301558,-116.331692,2153.518,36.46,1545759550.0,18.0,s51
q,48.301561,-116.33169,2154.14,37.2,1545759551,27,s51
l,48.301562,-116.331686,2154.14,36.61,1545759550,366,s51
f,48.301564,-116.331683,2154.22,37.3,1545759550,167,s51
y,48.301569,-116.331688,2154.41,37.07,1545759551,36,s51
k,48.301567,-116.331689,2154.45,37.44,1545759551,194,s51
a,34.705629,-71.194508,4069.755,34.88,1546483938.0,56.0,s52
m,34.705629,-71.194501,4070.36,35.67,1546483938,478,s52
y,34.705639,-71.194505,4070.68,35.2,1546483938,1021,s52
b,34.705632,-71.1945,4070.39,35.47,1546483938,502,s52
e,34.705631,-71.194508,4070.49,35.29,1546483939,80,s52
x,34.705637,-71.194505,4070.22,35.12,1546483939,263,s52
q,48.58478,-87.407072,3539.201,40.34,1546808127.0,35.0,s53
d,48.584787,-87.407064,3539.26,41.12,1546808128,895,s53
g,48.584785,-87.407068,3539.45,40.67,1546808128,602,s53
z,48.584781,-87.407068,3539.29,40.46,1546808127,947,s53
s,48.584784,-87.40707,3539.43,41.16,1546808128,74,s53
q,48.584781,-87.40707,3539.43,40.42,1546808127,320,s53
l,42.720093,-111.275417,6744.542,28.96,1545712741.0,79.0,s54
w,42.7201,-111.275415,6745.15,29.3,1545712741,336,s54
c,42.720103,-111.275416,6745.2,29.43,1545712742,282,s54
p,42.720102,-111.27541,6745.15,29.35,1545712742,91,s54
t,42.720102,-111.275407,6745.47,29.36,1545712742,883,s54
e,42.7201,-111.275413,6745.05,29.16,1545712742,319,s54
z,35.540458,-74.356099,6276.39,6.85,1546823875.0,43.0,s55
k,35.54046,-74.356092,6277.34,7.5,1546823875,665,s55
u,35.540461,-74.356092,6276.66,7.43,1546823876,304,s55
e,35.540463,-74.356091,6276.87,7.52,1546823876,160,s55
l,35.540468,-74.35609,6277.13,7.34,1546823875,445,s55
x,35.540461,-74.356092,6276.89,7.54,1546823875,637,s55
e,32.526756,-71.279107,295.532,5.82,1546430003.0,39.0,s56
f,32.526762,-71.279099,296.18,6.26,1546430004,444,s56
v,32.526756,-71.279102,296.15,6.16,1546430003,802,s56
s,32.526765,-71.279098,296.26,6.48,1546430003,403,s56
h,32.52676,-71.279105,296.51,6.39,1546430003,391,s56
t,32.526763,-71.279103,295.72,6.24,1546430004,1006,s56
j,41.559171,-103.862952,5590.1,7.04,1545974388.0,46.0,s57
k,41.559173,-103.862947,5590.49,7.79,1545974389,621,s57
b,41.559172,-103.862942,5590.83,7.22,1545974388,120,s57
o,41.559177,-103.862942,5590.13,7.23,1545974389,759,s57
x,41.559174,-103.862952,5590.91,7.51,1545974388,695,s57
t,41.559176,-103.862951,5590.53,7.56,1545974388,341,s57
b,41.487969,-122.520455,5664.283,37.61,1545918517.0,39.0,s58
g,41.487978,-122.520453,5664.84,38.09,1545918518,970,s58
p,41.487974,-122.520445,5664.98,37.68,1545918517,228,s58
k,41.487971,-122.520449,5665.27,37.78,1545918518,331,s58
t,41.487972,-122.520448,5664.8,38.04,1545918518,359,s58
f,41.487978,-122.520447,5664.78,38.44,1545918518,597,s58
g,46.139641,-77.583939,5975.475,42.41,1545760332.0,64.0,s59
n,46.139645,-77.583937,5976.33,42.54,1545760333,928,s59
l,46.139648,-77.583928,5975.53,42.96,1545760333,293,s59
u,46.139645,-77.58393,5975.86,43.07,1545760332,455,s59
q,46.139643,-77.583935,5975.53,43.37,1545760332,406,s59
s,46.139645,-77.583934,5975.79,43.2,1545760333,436,s59
y,43.083923,-124.830677,2542.406,9.85,1546146616.0,25.0,s60
i,43.083933,-124.830675,2543.22,10.55,1546146616,986,s60
p,43.083929,-124.830666,2542.48,10.6,1546146617,339,s60
n,43.083927,-124.830673,2542.88,10.76,1546146616,875,s60
s,43.083926,-124.83067,2542.84,10.11,1546146616,796,s60
i,43.08393,-124.830673,2543.34,9.96,1546146617,639,s60
v,37.491862,-104.720325,4908.333,14.81,1546120245.0,71.0,s61
l,37.491869,-104.720316,4908.73,15.0,1546120246,446,s61
i,37.491864,-104.720316,4908.74,15.21,1546120246,792,s61
k,37.49187,-104.720323,4908.77,15.77,1546120245,840,s61
s,37.491866,-104.720315,4908.44,15.76,1546120245,933,s61
e,37.49187,-104.720325,4909.25,15.33,1546120246,757,s61
b,28.63467,-87.776363,711.65,13.38,1546370659.0,59.0,s62
s,28.634677,-87.776356,712.62,14.33,1546370659,387,s62
e,28.634674,-87.776363,712.43,13.81,1546370660,178,s62
f,28.634676,-87.77636,712.16,14.17,1546370660,490,s62
m,28.634673,-87.776356,712.28,14.01,1546370659,896,s62
x,28.634676,-87.776353,712.6,13.73,1546370659,267,s62
g,34.435308,-111.788741,103.392,33.75,1546561382.0,22.0,s63
f,34.435316,-111.788738,103.59,34.19,1546561383,607,s63
f,34.435311,-111.788739,104.34,34.02,1546561383,765,s63
s,34.435309,-111.788731,104.3,34.31,1546561382,86,s63
e,34.435309,-111.788735,103.97,33.75,1546561383,215,s63
t,34.435312,-111.788736,103.88,34.67,1546561382,888,s63
c,38.928557,-74.381151,2145.408,41.47,1546481026.0,23.0,s64
l,38.928568,-74.381151,2145.95,42.07,1546481027,944,s64
x,38.928558,-74.38115,2146.28,42.32,1546481027,945,s64
o,38.928567,-74.381148,2146.33,41.59,1546481026,531,s64
y,38.928561,-74.38115,2145.92,41.52,1546481027,321,s64
f,38.928567,-74.381143,2145.56,42.1,1546481026,343,s64
u,32.650198,-105.261159,267.139,27.16,1545745501.0,44.0,s65
o,32.650201,-105.261149,267.53,27.65,1545745502,187,s65
h,32.650198,-105.261154,267.71,27.41,1545745501,790,s65
f,32.650199,-105.261149,267.6,27.98,1545745501,503,s65
s,32.650208,-105.261156,267.74,27.7,1545745502,95,s65
r,32.650207,-105.261151,267.74,27.26,1545745501,872,s65
j,31.390368,-104.605479,3341.895,21.78,1546216062.0,19.0,s66
y,31.390369,-104.605477,3342.3,22.31,1546216062,143,s66
b,31.390368,-104.605476,3341.93,22.72,1546216063,868,s66
f,31.390369,-104.605475,3342.82,22.77,1546216063,49,s66
e,31.390376,-104.605469,3341.99,22.09,1546216063,656,s66
z,31.390374,-104.605477,3342.24,22.44,1546216063,684,s66
h,37.362469,-90.046105,6987.762,23.65,1546578965.0,52.0,s67
g,37.36247,-90.046099,6987.84,23.69,1546578965,881,s67
v,37.362472,-90.046096,6988.46,24.42,1546578965,509,s67
x,37.362475,-90.046099,6988.56,24.36,1546578965,100,s67
n,37.362476,-90.0461,6988.2,23.83,1546578966,158,s67
f,37.36247,-90.046098,6988.14,24.46,1546578965,210,s67
f,43.272345,-105.035775,6054.037,26.03,1545786634.0,71.0,s68
s,43.272348,-105.035771,6054.53,26.88,1545786635,115,s68
z,43.272355,-105.035765,6054.69,26.9,1545786635,1053,s68
p,43.27235,-105.035774,6054.38,26.54,1545786635,884,s68
w,43.272353,-105.035765,6054.58,26.04,1545786634,578,s68
l,43.27235,-105.035769,6054.43,26.4,1545786635,994,s68
l,32.263831,-117.233428,3436.001,35.63,1546030555.0,30.0,s69
a,32.263832,-117.23342,3436.7,36.43,1546030556,260,s69
j,32.263837,-117.233426,3436.27,36.08,1546030555,263,s69
d,32.263832,-117.233427,3436.82,36.24,1546030556,515,s69
g,32.263837,-117.233425,3436.59,35.77,1546030556,387,s69
l,32.263834,-117.233419,3436.09,35.9,1546030555,53,s69
u,39.636612,-96.952456,4840.916,15.27,1546443832.0,46.0,s70
l,39.636613,-96.952447,4841.32,15.93,1546443833,918,s70
c,39.636617,-96.952454,4841.26,15.84,1546443832,872,s70
b,39.636619,-96.952447,4841.13,15.62,1546443833,344,s70
m,39.636616,-96.952449,4841.79,15.84,1546443832,741,s70
z,39.636613,-96.952446,4841.73,16.07,1546443833,961,s70
n,46.333761,-116.335659,207.802,32.48,1546383214.0,98.0,s71
w,46.333765,-116.335656,207.82,33.2,1546383215,979,s71
s,46.333764,-116.335652,208.27,33.15,1546383215,1007,s71
m,46.333771,-116.335652,207.82,32.73,1546383215,654,s71
a,46.33377,-116.33565,208.77,32.7,1546383215,481,s71
m,46.333767,-116.335653,208.3,33.23,1546383215,262,s71
a,41.794441,-80.329503,4049.268,7.01,1546422282.0,52.0,s72
l,41.794441,-80.329494,4049.37,7.62,1546422282,467,s72
u,41.794445,-80.329494,4049.68,7.8,1546422283,433,s72
i,41.794448,-80.329499,4049.59,7.61,1546422282,371,s72
f,41.794443,-80.329501,4049.8,7.26,1546422282,658,s72
k,41.794452,-80.329497,4049.93,7.16,1546422283,560,s72
z,48.105373,-116.64579,4227.907,29.49,1545545024.0,78.0,s73
a,48.105382,-116.645782,4228.13,29.62,1545545024,1040,s73
c,48.105384,-116.645786,4228.28,30.23,1545545025,1024,s73
p,48.105374,-116.645789,4228.76,29.51,1545545024,588,s73
r,48.105379,-116.645782,4228.23,30.32,1545545025,516,s73
l,48.105379,-116.645783,4228.63,29.78,1545545024,893,s73
r,42.815564,-122.724123,414.853,21.35,1546339726.0,92.0,s74
p,42.815564,-122.724123,415.14,22.29,1546339726,841,s74
i,42.81557,-122.724116,415.4,21.56,1546339726,461,s74
e,42.815574,-122.724115,414.88,22.22,1546339727,226,s74
g,42.815565,-122.724122,415.03,22.06,1546339726,886,s74
a,42.815567,-122.724117,415.41,22.06,1546339727,741,s74
y,26.247264,-83.709212,1840.467,15.5,1546298695.0,82.0,s75
d,26.247274,-83.709204,1840.84,16.38,1546298695,836,s75
y,26.247272,-83.70921,1840.91,16.18,1546298696,1008,s75
b,26.247271,-83.709206,1841.1,16.3,1546298695,403,s75
y,26.247266,-83.709206,1841.34,16.43,1546298696,365,s75
z,26.247274,-83.709205,1840.93,16.39,1546298695,532,s75
m,44.478006,-104.01311,102.017,37.98,1545572253.0,55.0,s76
k,44.478008,-104.013106,102.22,38.67,1545572254,143,s76
m,44.478006,-104.013099,102.48,38.73,1545572254,877,s76
r,44.478013,-104.013103,102.38,38.39,1545572254,124,s76
f,44.478013,-104.013103,102.04,38.52,1545572254,897,s76
t,44.478014,-104.013104,102.84,38.26,1545572253,752,s76
h,31.645427,-67.979665,6176.374,18.78,1546496496.0,24.0,s77
j,31.645435,-67.979657,6176.84,19.54,1546496497,47,s77
w,31.645433,-67.979657,6176.72,19.14,1546496497,27,s77
i,31.645438,-67.979657,6177.15,19.45,1546496497,256,s77
e,31.645427,-67.979664,6176.62,19.03,1546496497,894,s77
h,31.645428,-67.979655,6176.88,19.55,1546496497,30,s77
j,38.192927,-122.325452,5005.863,10.23,1546572037.0,29.0,s78
w,38.192936,-122.325442,5006.15,10.98,1546572037,883,s78
q,38.192936,-122.325451,5006.52,10.69,1546572037,468,s78
h,38.192934,-122.325441,5006.14,10.82,1546572037,601,s78
a,38.192935,-122.325448,5006.36,11.21,1546572038,443,s78
q,38.192932,-122.325448,5006.78,10.35,1546572037,230,s78
l,27.604623,-81.729699,5155.729,8.44,1546331755.0,92.0,s79
d,27.604632,-81.729698,5156.23,8.83,1546331755,557,s79
j,27.604624,-81.729698,5156.24,8.89,1546331755,658,s79
k,27.604631,-81.729696,5156.13,8.69,1546331755,644,s79
q,27.604629,-81.729692,5156.46,9.17,1546331756,919,s79
a,27.604628,-81.729691,5155.88,8.55,1546331756,354,s79
p,42.580048,-81.319041,3726.832,10.79,1546906929.0,29.0,s80
k,42.580054,-81.319031,3727.12,11.63,1546906930,780,s80
b,42.580052,-81.319035,3727.31,10.87,1546906929,656,s80
a,42.580058,-81.319034,3726.95,11.34,1546906929,105,s80
k,42.580059,-81.319035,3726.84,11.51,1546906929,944,s80
d,42.580052,-81.319039,3726.88,11.51,1546906930,98,s80
a,44.595178,-98.056182,4279.55,37.69,1546022134.0,87.0,s81
l,44.595179,-98.056178,4280.45,38.23,1546022135,650,s81
o,44.595183,-98.056175,4280.21,38.62,1546022135,399,s81
q,44.595183,-98.056172,4279.84,38.17,1546022135,1074,s81
p,44.595182,-98.056175,4280.03,37.74,1546022135,878,s81
k,44.595183,-98.056176,4279.67,38.2,1546022135,385,s81
x,41.809346,-78.687127,4414.634,23.75,1546697439.0,40.0,s82
z,41.809354,-78.687121,4414.95,23.87,1546697440,754,s82
z,41.809351,-78.687118,4415.46,24.62,1546697440,409,s82
t,41.809346,-78.687124,4415.36,24.17,1546697439,186,s82
p,41.809346,-78.687123,4415.22,24.4,1546697440,165,s82
y,41.809355,-78.687122,4415.58,24.57,1546697439,291,s82
o,43.191736,-102.510805,3508.994,20.89,1546171972.0,32.0,s83
h,43.19174,-102.510803,3509.44,21.2,1546171972,214,s83
b,43.191744,-102.510799,3509.33,21.69,1546171973,1021,s83
h,43.191744,-102.510794,3509.38,21.87,1546171972,199,s83
f,43.191739,-102.510798,3509.12,21.39,1546171972,185,s83
k,43.191737,-102.510798,3509.02,21.82,1546171972,793,s83
t,29.239347,-93.18013,4814.502,34.25,1545737146.0,56.0,s84
t,29.239351,-93.180126,4814.87,34.41,1545737146,192,s84
i,29.23935,-93.180129,4814.76,34.38,1545737147,264,s84
v,29.23935,-93.180128,4815.33,35.09,1545737146,670,s84
d,29.239357,-93.180124,4814.71,34.29,1545737147,243,s84
m,29.239351,-93.180123,4815.4,35.02,1545737147,905,s84
m,38.319422,-111.662417,5812.576,33.06,1545375730.0,23.0,s85
d,38.319425,-111.662407,5813.18,33.94,1545375731,746,s85
y,38.319432,-111.662413,5812.79,33.79,1545375731,672,s85
n,38.319422,-111.662413,5813.56,33.21,1545375730,173,s85
u,38.319427,-111.662415,5813.12,33.15,1545375730,100,s85
j,38.319429,-111.662414,5813.08,33.12,1545375731,665,s85
s,40.913042,-69.224512,1312.566,12.3,1546388553.0,57.0,s86
a,40.91305,-69.224503,1312.67,12.52,1546388553,642,s86
x,40.913045,-69.224501,1313.18,12.63,1546388553,575,s86
g,40.913044,-69.224506,1312.98,12.86,1546388553,858,s86
x,40.91305,-69.224505,1312.75,13.14,1546388553,547,s86
f,40.913048,-69.224503,1313.29,12.56,1546388554,782,s86
f,48.762317,-98.794116,3898.067,39.61,1545349851.0,15.0,s87
v,48.762322,-98.794106,3898.84,39.79,1545349852,88,s87
f,48.762323,-98.794109,3898.97,40.28,1545349851,647,s87
m,48.762326,-98.794113,3898.41,40.25,1545349852,87,s87
h,48.762322,-98.79411,3898.64,39.96,1545349851,824,s87
p,48.762327,-98.794113,3898.52,40.31,1545349852,508,s87
k,30.313617,-74.526828,2638.166,29.59,1546866361.0,11.0,s88
y,30.313623,-74.526821,2638.8,29.59,1546866361,735,s88
u,30.313624,-74.526818,2638.57,30.15,1546866361,954,s88
k,30.313618,-74.526826,2638.72,30.12,1546866361,314,s88
l,30.31362,-74.526824,2638.66,30.36,1546866362,757,s88
l,30.313622,-74.526819,2639.04,29.67,1546866361,873,s88
f,45.569571,-83.540715,6995.633,6.33,1545911073.0,60.0,s89
o,45.56958,-83.540704,6996.2,6.72,1545911073,108,s89
o,45.569575,-83.540709,6995.95,6.93,1545911073,681,s89
b,45.569571,-83.540714,6996.44,7.21,1545911074,690,s89
z,45.569579,-83.54071,6996.05,7.25,1545911073,131,s89
e,45.56958,-83.540705,6996.55,6.76,1545911074,565,s89
h,41.07513,-73.248195,516.931,15.45,1546257063.0,31.0,s90
e,41.07514,-73.248189,517.13,15.68,1546257063,927,s90
z,41.075131,-73.248185,517.78,15.95,1546257063,1026,s90
x,41.07514,-73.248188,517.02,16.2,1546257063,255,s90
z,41.075134,-73.248186,517.73,15.48,1546257064,847,s90
e,41.075135,-73.248186,517.37,15.48,1546257063,275,s90
o,34.45803,-69.533073,5355.291,11.0,1545655589.0,28.0,s91
t,34.458037,-69.533065,5356.21,11.99,1545655589,683,s91
a,34.45804,-69.533072,5355.87,11.18,1545655589,989,s91
u,34.458031,-69.533071,5355.79,11.5,1545655590,387,s91
z,34.458036,-69.533068,5355.87,11.48,1545655590,926,s91
y,34.458037,-69.533072,5356.27,11.96,1545655589,1008,s91
i,46.190817,-70.060754,6865.189,38.17,1546810348.0,96.0,s92
r,46.190818,-70.06075,6865.75,38.3,1546810348,661,s92
n,46.19082,-70.060745,6865.32,39.07,1546810349,880,s92
v,46.190823,-70.060754,6866.01,38.28,1546810349,605,s92
v,46.19082,-70.060752,6866.09,38.72,1546810348,327,s92
t,46.190826,-70.060751,6865.23,38.66,1546810348,419,s92
x,33.563849,-114.157229,5770.106,22.92,1545685581.0,13.0,s93
t,33.563852,-114.157228,5770.27,22.94,1545685581,486,s93
s,33.563858,-114.157226,5771.06,23.19,1545685581,338,s93
l,33.563855,-114.157226,5770.26,23.22,1545685581,987,s93
u,33.563855,-114.157223,5770.17,23.01,1545685582,264,s93
a,33.563852,-114.157223,5770.78,23.39,1545685582,336,s93
j,48.263725,-71.299532,341.354,38.79,1546173149.0,59.0,s94
k,48.263733,-71.299521,341.49,39.27,1546173150,90,s94
m,48.263734,-71.299526,342.05,39.13,1546173149,942,s94
z,48.263735,-71.299527,341.52,39.26,1546173150,889,s94
r,48.263732,-71.299523,342.01,38.84,1546173150,556,s94
e,48.263728,-71.299528,342.08,39.6,1546173150,319,s94
n,31.547806,-83.009689,617.655,35.95,1546120915.0,23.0,s95
l,31.547813,-83.009682,618.21,36.6,1546120916,402,s95
w,31.54781,-83.009683,617.87,36.3,1546120915,696,s95
h,31.547815,-83.009684,618.54,36.12,1546120916,211,s95
h,31.547809,-83.009678,617.68,36.41,1546120915,131,s95
q,31.547813,-83.009684,618.18,36.6,1546120915,519,s95
e,41.889976,-123.513355,6060.186,20.34,1546510562.0,69.0,s96
q,41.88998,-123.513348,6061.1,20.51,1546510562,152,s96
q,41.88998,-123.513347,6060.42,20.93,1546510562,633,s96
r,41.889979,-123.513347,6060.61,20.66,1546510562,579,s96
u,41.889983,-123.513346,6061.14,20.84,1546510562,109,s96
c,41.889984,-123.51335,6060.83,21.32,1546510563,485,s96
j,31.802123,-107.608835,3141.541,8.4,1545449204.0,92.0,s97
f,31.802125,-107.608825,3142.12,8.81,1545449205,602,s97
y,31.802131,-107.60883,3141.85,9.13,1545449204,290,s97
h,31.802127,-107.608832,3141.95,8.46,1545449205,749,s97
c,31.80213,-107.608825,3142.4,9.36,1545449205,973,s97
a,31.802131,-107.60883,3141.62,9.02,1545449204,870,s97
u,40.949244,-120.978364,1340.545,12.14,1545466172.0,74.0,s98
t,40.949254,-120.978364,1341.4,12.73,1545466173,398,s98
n,40.94925,-120.978356,1341.09,12.8,1545466172,1010,s98
c,40.949247,-120.978361,1340.86,12.39,1545466172,937,s98
j,40.949254,-120.978361,1340.78,12.19,1545466173,1050,s98
m,40.94925,-120.978357,1340.88,12.72,1545466172,522,s98
w,37.288609,-92.367602,3156.271,35.07,1545347684.0,66.0,s99
z,37.288617,-92.3676,3156.59,36.02,1545347685,661,s99
f,37.288619,-92.367594,3156.78,35.28,1545347684,792,s99
o,37.288612,-92.3676,3157.07,35.83,1545347684,317,s99
c,37.288609,-92.367593,3156.97,35.67,1545347685,300,s99
x,37.288613,-92.367594,3157.03,35.68,1545347685,105,s99
b,49.384812,-105.037527,407.171,32.95,1546763998.0,74.0,n
c,25.860671,-88.903577,20.915,35.32,1546833254.0,95.0,n
u,26.127109,-71.685891,1828.517,39.05,1546236934.0,86.0,n
v,46.980075,-76.660523,2773.816,23.8,1546909248.0,43.0,n
j,27.777179,-109.620031,271.764,18.71,1545565842.0,13.0,n
s,42.600042,-93.703534,2939.318,42.08,1546544584.0,16.0,n
t,29.065757,-68.011452,2704.61,35.35,1545571535.0,97.0,n
f,47.724713,-91.094163,2024.895,33.47,1546827641.0,43.0,n
b,41.969993,-97.198667,6288.164,37.62,1546794105.0,73.0,n
m,36.781442,-92.125277,2392.744,33.16,1545979474.0,26.0,n
s,34.701393,-115.451189,5065.624,12.05,1545687072.0,35.0,n
p,35.98067,-109.061809,1272.797,44.87,1546501701.0,85.0,n
e,36.600326,-111.47727,2351.671,6.43,1546409828.0,59.0,n
l,32.144208,-100.465726,5891.738,35.77,1546708503.0,67.0,n
w,46.750419,-81.515446,128.571,18.34,1546237785.0,64.0,n
y,25.803175,-88.943553,4226.068,33.94,1546874010.0,12.0,n
g,28.633679,-109.211011,5097.207,36.99,1546561562.0,92.0,n
w,35.615265,-84.862637,1136.359,44.52,1545740587.0,39.0,n
g,29.004338,-97.616989,3109.177,40.12,1546150023.0,66.0,n
t,49.608823,-104.02203,250.006,32.85,1546015920.0,66.0,n
x,36.406242,-86.078624,5181.311,28.65,1545643375.0,20.0,n
k,31.745476,-120.135623,2980.253,19.3,1546857205.0,70.0,n
r,46.484773,-116.409128,6761.943,13.75,1546576382.0,98.0,n
m,35.219352,-78.68757,2538.861,42.4,1546822142.0,85.0,n
u,25.671014,-80.337129,1976.478,38.73,1546724526.0,40.0,n
k,36.170684,-91.03832,3399.815,36.9,1546584759.0,14.0,n
q,26.908759,-114.599944,755.205,11.1,1545746038.0,52.0,n
g,33.197062,-106.423048,1652.98,17.54,1545835455.0,93.0,n
q,30.608395,-101.054963,2527.406,14.42,1545941418.0,88.0,n
y,46.997035,-90.341774,5704.339,20.2,1546594891.0,59.0,n
v,34.204131,-71.883996,887.17,15.88,1546035492.0,54.0,n
n,43.904286,-77.398434,5767.806,8.34,1545643955.0,52.0,n
m,33.314046,-80.730025,6576.304,28.7,1546222059.0,100.0,n
x,34.156957,-102.838803,1385.408,26.55,1546529407.0,47.0,n
e,32.459805,-87.161548,3867.318,27.88,1545396415.0,17.0,n
d,35.403012,-73.240554,308.88,25.68,1546309773.0,90.0,n
j,38.292498,-83.211662,5617.854,6.6,1545774383.0,65.0,n
l,34.307405,-83.12633,764.162,12.11,1545562438.0,86.0,n
m,42.505806,-75.448866,4465.18,21.77,1546893305.0,60.0,n
h,26.256256,-67.027089,1320.888,24.18,1546218845.0,35.0,n
j,49.844179,-68.904069,3611.831,12.82,1546312288.0,67.0,n
w,35.432802,-116.571338,5478.624,16.04,1546842491.0,18.0,n
c,29.088735,-85.307629,6499.79,32.13,1546485247.0,49.0,n
f,42.97605,-112.122278,4397.378,36.45,1546790705.0,92.0,n
i,35.132786,-83.722559,3634.384,35.19,1545853301.0,31.0,n
n,39.34172,-103.099161,6309.286,25.97,1545557226.0,85.0,n
y,48.977275,-124.852444,5592.996,25.65,1545946753.0,36.0,n
k,36.133783,-96.055215,530.515,19.39,1546844799.0,44.0,n
c,29.487107,-83.866533,3953.709,20.52,1546724247.0,72.0,n
l,28.056973,-123.508572,117.956,40.55,1546631708.0,72.0,n
c,30.109262,-98.728904,163.026,29.76,1545711966.0,38.0,n
b,29.408938,-104.537568,1395.134,27.3,1546165867.0,89.0,n
e,28.484089,-74.074308,5001.53,18.1,1545855420.0,98.0,n
b,45.720408,-106.546256,4781.138,20.98,1545357570.0,20.0,n
i,35.628422,-86.386631,2705.147,41.93,1545607706.0,83.0,n
a,39.508589,-103.905952,4464.436,43.79,1546620598.0,42.0,n
l,30.286371,-79.942825,4772.918,25.54,1546100016.0,77.0,n
d,37.475735,-104.886434,3634.825,15.42,1546396381.0,76.0,n
l,31.688231,-93.948839,3898.629,26.72,1546673442.0,47.0,n
k,48.22619,-114.102504,810.543,44.81,1545504503.0,14.0,n
d,26.944951,-75.713977,2923.241,19.83,1545622992.0,54.0,n
u,31.542922,-109.853791,5669.94,38.94,1545516115.0,54.0,n
q,47.169864,-88.693542,2783.758,29.56,1546550212.0,79.0,n
s,28.690675,-90.829703,4215.397,44.61,1545350917.0,80.0,n
u,28.86976,-93.235487,3984.006,22.18,1545930977.0,99.0,n
d,36.830921,-66.746901,863.568,11.95,1545660100.0,15.0,n
l,25.729326,-80.913381,298.046,29.81,1545376273.0,78.0,n
e,46.039405,-78.203917,760.771,9.13,1545440601.0,29.0,n
u,43.205793,-123.937917,3900.659,18.93,1546877292.0,80.0,n
s,40.834218,-101.615902,285.928,26.68,1546092280.0,72.0,n
s,49.705992,-77.950453,628.753,16.37,1545288335.0,92.0,n
j,40.930946,-78.727646,2312.811,25.88,1546388987.0,83.0,n
y,47.206494,-98.933185,4858.322,17.54,1545623450.0,70.0,n
m,49.668169,-82.453449,212.419,16.77,1546108502.0,64.0,n
a,47.517337,-110.68954,69.046,37.0,1545334051.0,22.0,n
r,44.90025,-84.850707,4405.7,34.23,1545569766.0,73.0,n
f,49.237741,-117.015953,5543.681,36.51,1545345154.0,86.0,n
y,32.886933,-75.839819,5115.387,19.07,1545382935.0,87.0,n
c,36.021464,-102.648906,1103.424,10.03,1546011098.0,20.0,n
g,45.321335,-114.680435,490.977,10.64,1545389461.0,93.0,n
n,37.675671,-81.602351,263.468,24.36,1546539158.0,94.0,n
g,35.482923,-72.179002,5018.137,5.67,1546054583.0,33.0,n
b,46.75435,-105.688375,901.535,27.69,1546599026.0,12.0,n
y,37.58181,-106.268166,3456.313,16.77,1546542476.0,45.0,n
t,37.454761,-78.928981,6461.371,30.3,1546564800.0,86.0,n
m,34.473689,-109.187182,6424.142,29.81,1546865753.0,51.0,n
u,41.338024,-108.334625,6491.399,14.7,1546560306.0,38.0,n
i,32.576422,-75.723915,3470.083,30.89,1546820973.0,83.0,n
h,27.275426,-123.319499,6973.769,41.34,1545912515.0,31.0,n
l,37.112532,-68.943141,6415.308,21.68,1546234174.0,13.0,n
q,48.645193,-102.302835,2279.64,33.4,1545710030.0,39.0,n
d,39.330724,-103.084942,6904.234,16.21,1545488025.0,69.0,n
a,27.44986,-115.004134,2946.688,29.62,1546780639.0,59.0,n
w,38.879585,-90.360504,1991.828,6.31,1546021404.0,55.0,n
f,31.856222,-73.122321,3050.98,25.25,1546264443.0,61.0,n
s,41.308649,-94.348254,6571.236,14.77,1545390672.0,59.0,n
b,30.52351,-104.100284,4195.861,25.16,1546598717.0,21.0,n
f,44.446717,-108.776734,866.713,20.76,1545778671.0,70.0,n
n,30.849251,-94.614739,5216.99,19.04,1546779052.0,49.0,n
j,32.543417,-100.295409,6645.309,30.31,1546703479.0,57.0,n
v,35.840967,-98.549049,2246.576,33.03,1546085539.0,69.0,n
b,43.280702,-111.672284,2019.897,22.9,1545992270.0,40.0,n
a,47.915592,-77.549706,1084.546,10.73,1546237134.0,27.0,n
e,37.627083,-87.074624,2008.734,35.49,1545697104.0,58.0,n
r,40.269035,-76.914014,29.378,20.85,1546757793.0,62.0,n
z,47.808591,-124.209921,2078.875,36.03,1546555647.0,40.0,n
x,42.556088,-122.32758,2599.842,44.37,1546319976.0,35.0,n
f,47.159813,-113.479608,1249.335,34.54,1546825795.0,48.0,n
q,44.243786,-84.709953,5119.849,42.67,1545741073.0,31.0,n
z,28.703102,-69.757177,3719.921,41.94,1546495241.0,24.0,n
d,33.238612,-72.484965,5772.935,41.3,1545689734.0,74.0,n
b,37.589748,-118.460362,4750.789,33.28,1545624020.0,28.0,n
s,46.706832,-73.037545,3143.249,11.11,1546738282.0,92.0,n
r,49.158853,-101.523108,5876.842,11.98,1545634129.0,54.0,n
y,37.164845,-120.374697,2386.441,10.88,1546763896.0,13.0,n
x,46.144735,-109.990416,4691.077,31.71,1545925331.0,40.0,n
u,37.844927,-97.380495,2573.348,15.54,1546485010.0,79.0,n
f,42.057147,-78.964182,2311.725,36.75,1546560639.0,31.0,n
g,29.124066,-75.830023,2814.981,19.03,1545760099.0,20.0,n
h,28.040172,-87.016063,5365.186,7.37,1546410643.0,60.0,n
q,28.053865,-93.483485,4608.628,7.89,1546115711.0,70.0,n
u,43.278211,-87.557542,1883.729,32.75,1545766541.0,74.0,n
t,35.268794,-118.485589,1853.771,10.99,1546760847.0,60.0,n
m,44.917713,-73.453324,3240.758,19.2,1546681838.0,29.0,n
u,45.320966,-120.338718,4063.876,10.56,1545883582.0,43.0,n
q,49.242426,-86.721217,1167.589,11.68,1546584605.0,93.0,n
h,34.70943,-89.200756,6290.374,17.54,1546733646.0,73.0,n
w,33.727415,-72.579247,2417.044,14.82,1546757453.0,81.0,n
j,30.392036,-93.617892,3451.621,11.31,1545913093.0,87.0,n
c,44.237131,-82.602232,3978.043,32.21,1545573010.0,15.0,n
e,42.451675,-95.546596,328.739,40.58,1546259859.0,59.0,n
x,39.118085,-93.967867,5638.037,21.57,1546255726.0,80.0,n
i,44.567515,-78.523364,2893.155,32.87,1545864338.0,29.0,n
m,25.60458,-84.839758,2754.823,6.44,1546891917.0,28.0,n
t,43.756292,-108.65756,6764.121,24.3,1546185972.0,32.0,n
j,44.032292,-90.137485,6283.156,16.29,1545977498.0,53.0,n
j,28.093822,-122.718956,5428.772,19.35,1546270786.0,52.0,n
t,42.535938,-95.559232,4023.659,32.89,1546678683.0,86.0,n
o,44.672906,-118.830714,148.497,31.61,1546145121.0,54.0,n
i,44.619481,-97.546999,5994.052,12.65,1545944267.0,49.0,n
p,33.721623,-79.895098,6713.494,39.75,1545799585.0,75.0,n
v,30.906049,-104.262929,2606.38,20.81,1546735640.0,37.0,n
b,36.892743,-87.433707,1078.808,12.05,1546174381.0,63.0,n
x,28.196568,-79.042623,3496.533,33.94,1545748217.0,44.0,n
a,37.282061,-91.78398,5150.924,38.45,1545526405.0,91.0,n
l,37.031282,-119.296782,4704.208,25.22,1545928306.0,81.0,n
x,42.614057,-85.958995,5026.995,32.12,1546047408.0,80.0,n
v,45.879276,-87.936786,4278.348,10.74,1546414599.0,22.0,n
v,36.268557,-111.919183,1840.758,38.14,1545623103.0,90.0,n
j,33.903591,-76.856125,6849.729,24.3,1545623805.0,56.0,n
j,33.693959,-71.494772,1845.756,5.96,1545800526.0,36.0,n
j,28.911666,-109.537909,544.297,14.77,1545431867.0,77.0,n
r,31.362649,-102.758669,3322.365,9.49,1546279629.0,11.0,n
z,47.824487,-116.260895,3350.914,19.61,1545807724.0,82.0,n
l,34.642592,-109.229248,4130.162,31.94,1545385140.0,58.0,n
x,25.924952,-80.847691,4349.975,11.77,1546683126.0,88.0,n
z,30.618095,-85.458086,5134.753,18.59,1545751590.0,49.0,n
u,43.429606,-99.737725,5402.647,38.19,1546471564.0,35.0,n
i,45.443962,-122.423277,5550.355,12.28,1546391221.0,74.0,n
i,40.896622,-98.647219,924.278,40.87,1546074354.0,63.0,n
l,41.498229,-87.942473,5397.286,5.61,1546275918.0,42.0,n
x,46.001462,-96.251234,902.388,30.48,1545460092.0,36.0,n
i,32.542401,-88.482755,5448.298,17.65,1545623933.0,40.0,n
r,38.214642,-104.284468,700.047,30.64,1546829331.0,97.0,n
u,39.846749,-106.355599,3042.217,30.73,1546004614.0,43.0,n
r,48.821872,-69.623255,1155.173,25.11,1545686776.0,29.0,n
z,44.885014,-88.008501,6486.939,43.24,1546619006.0,60.0,n
l,42.04251,-76.995178,4125.638,31.71,1545896664.0,74.0,n
w,46.808627,-92.842205,4199.87,37.31,1546552063.0,90.0,n
q,33.458903,-116.070504,5220.277,8.75,1546197927.0,30.0,n
i,28.109578,-85.303242,4604.898,9.6,1546262521.0,45.0,n
b,36.878159,-69.524406,1849.51,11.95,1546107269.0,90.0,n
e,49.730529,-96.296849,212.895,32.59,1546242911.0,62.0,n
q,35.709699,-110.533903,588.564,14.63,1545543265.0,69.0,n
c,26.311388,-98.009806,5203.819,32.83,1545754166.0,20.0,n
x,44.848361,-108.625202,4034.513,10.82,1545560781.0,43.0,n
t,45.396697,-122.674079,6316.648,43.61,1545484326.0,61.0,n
o,27.996873,-114.331682,4738.439,20.13,1546354723.0,63.0,n
f,43.384746,-106.961151,1250.388,40.38,1546388469.0,36.0,n
a,25.698573,-122.82172,5822.843,35.87,1545682853.0,25.0,n
q,33.024634,-86.254597,5543.905,36.73,1545946982.0,37.0,n
e,30.914923,-123.156904,2865.773,39.71,1546112888.0,50.0,n
k,47.314969,-98.896606,1354.394,29.96,1546354788.0,49.0,n
x,48.959311,-120.577894,6900.622,10.17,1546072517.0,93.0,n
u,44.221082,-113.354143,4292.302,44.43,1546490071.0,31.0,n
e,41.947797,-89.663153,3732.009,43.27,1545795726.0,28.0,n
b,37.241672,-122.245174,3244.376,32.07,1545446271.0,70.0,n
j,27.327063,-91.545704,6676.441,28.96,1545358503.0,33.0,n
i,32.832919,-98.179107,6788.119,7.16,1545838447.0,87.0,n
j,36.02431,-102.045338,3554.617,18.27,1545544723.0,81.0,n
m,31.864292,-109.194611,5258.19,19.3,1546081242.0,13.0,n
g,49.848655,-108.282992,2882.622,20.52,1546027257.0,34.0,n
w,31.193889,-80.913661,2286.717,18.2,1546209275.0,56.0,n
i,48.55884,-118.840879,5320.201,20.67,1546750205.0,77.0,n
j,42.018935,-74.374396,4716.307,11.82,1546807480.0,50.0,n
z,26.354588,-113.101796,5450.879,24.98,1546725802.0,53.0,n
t,42.890511,-98.73582,4784.743,7.17,1546659018.0,52.0,n
i,27.664368,-86.970783,3444.383,37.2,1545847971.0,58.0,n
h,45.732645,-95.707342,798.473,7.59,1546714096.0,25.0,n
h,47.410099,-122.677056,2643.163,43.46,1546920474.0,61.0,n
m,30.597863,-90.342737,6664.961,8.87,1545427671.0,16.0,n
m,45.834949,-112.822918,3695.406,33.83,1545518028.0,27.0,n
d,36.577459,-89.957943,2755.954,6.9,1546029802.0,83.0,n
i,36.638432,-81.254519,1219.545,39.62,1546353623.0,80.0,n
t,31.434744,-102.570143,5062.738,33.28,1545733475.0,96.0,n
a,39.982831,-99.91975,2437.85,44.1,1545514851.0,83.0,n
e,42.949244,-101.309176,626.78,7.1,1545787522.0,30.0,n
k,29.781914,-80.904177,5405.858,11.31,1545978253.0,91.0,n
j,47.985193,-76.226788,6005.331,9.93,1546466736.0,89.0,n
w,45.277309,-79.998026,3336.455,10.08,1546324418.0,20.0,n
u,34.243187,-103.508052,6551.244,32.7,1546484730.0,99.0,n
p,35.583493,-75.659314,5312.945,36.9,1546046120.0,40.0,n
n,27.883723,-84.154049,5088.402,5.93,1545827967.0,75.0,n
q,36.19054,-105.943202,5021.507,25.48,1545882250.0,90.0,n
g,29.953304,-86.121421,5812.199,21.12,1546515802.0,29.0,n
p,48.243634,-82.441921,2278.461,7.03,1546173407.0,73.0,n
n,26.172366,-100.816692,5507.852,24.03,1546568984.0,28.0,n
k,32.08516,-97.629035,4190.509,15.73,1545534674.0,14.0,n
u,39.909429,-90.732845,3096.655,25.93,1545741075.0,87.0,n
n,40.908599,-80.956008,144.595,11.83,1546555305.0,52.0,n
k,38.807743,-118.065768,6546.844,16.82,1545859239.0,81.0,n
h,27.832364,-112.774535,3753.188,28.18,1546740454.0,99.0,n
o,47.441884,-92.369759,355.278,6.72,1546426932.0,74.0,n
e,46.324432,-94.295659,4976.988,10.76,1546484672.0,89.0,n
d,28.215433,-87.902409,6170.007,30.93,1546753370.0,11.0,n
q,45.240709,-100.970817,5532.028,9.79,1546229974.0,15.0,n
k,34.2141,-123.282321,5542.757,16.81,1546893430.0,58.0,n
q,25.75984,-89.526971,424.572,25.05,1545313069.0,30.0,n
y,26.217941,-123.768885,6762.526,44.57,1546118811.0,89.0,n
p,42.849609,-123.916524,1522.933,14.33,1545305605.0,27.0,n
a,31.519232,-90.956596,3888.416,25.41,1545354857.0,37.0,n
t,46.259896,-107.000975,6684.982,41.8,1546853312.0,66.0,n
i,43.049776,-84.784631,5773.903,40.09,1546614644.0,45.0,n
o,39.6156,-112.259319,308.072,32.02,1545765338.0,58.0,n
m,29.55294,-111.27462,6498.804,43.91,1546410292.0,93.0,n
c,27.725634,-90.194622,2205.23,34.99,1546644028.0,73.0,n
c,46.166868,-77.126023,5919.652,5.35,1546119259.0,37.0,n
o,33.632332,-116.057781,6091.102,37.47,1546049079.0,45.0,n
b,44.799684,-92.999478,6647.454,17.07,1545852574.0,60.0,n
l,36.384286,-101.763017,6726.297,6.19,1545704910.0,81.0,n
j,35.044848,-99.37512,6180.114,34.93,1545716374.0,80.0,n
s,45.528206,-79.736918,6348.332,40.17,1546884945.0,85.0,n
c,46.592082,-81.795289,3290.419,27.79,1546521157.0,29.0,n
r,43.698709,-109.149769,4317.954,26.6,1546194118.0,45.0,n
c,32.185302,-78.545975,5130.319,39.33,1545818424.0,93.0,n
l,34.142758,-101.855635,2058.34,25.29,1545331052.0,95.0,n
u,44.012491,-80.198176,5735.59,17.42,1546839433.0,39.0,n
b,33.174478,-112.122324,1157.687,17.13,1546475636.0,55.0,n
l,27.349422,-74.252535,1475.373,14.33,1546722912.0,42.0,n
y,40.309384,-124.777601,3666.091,22.5,1545526180.0,17.0,n
e,49.476948,-99.059931,1308.987,10.35,1546354776.0,70.0,n
b,25.907773,-107.743478,4775.629,40.96,1546345054.0,88.0,n
l,35.543425,-120.807106,3309.327,24.15,1546133929.0,13.0,n
m,39.624474,-124.741873,4861.267,12.68,1546015567.0,68.0,n
c,35.956159,-99.460118,871.538,31.56,1545870965.0,33.0,n
r,34.115675,-112.344251,3274.665,6.14,1545404510.0,79.0,n
u,28.184486,-105.932565,107.865,38.38,1545400850.0,50.0,n
k,33.897359,-121.794191,2823.726,8.83,1545803451.0,59.0,n
j,40.659095,-95.182923,390.127,24.46,1546093779.0,18.0,n
u,41.297607,-80.956107,604.008,27.88,1545555080.0,99.0,n
m,30.423126,-123.067265,5704.193,44.43,1546028459.0,49.0,n
x,41.508032,-66.813206,1031.3,40.59,1546483404.0,51.0,n
u,27.688423,-87.357318,1366.309,21.28,1546713221.0,53.0,n
h,32.054173,-118.442213,3848.681,5.93,1546204606.0,23.0,n
g,29.72055,-105.954677,6682.795,9.35,1545584425.0,26.0,n
e,43.973257,-89.427348,4545.795,41.98,1545743819.0,70.0,n
x,45.073445,-76.33735,3180.497,12.63,1545783746.0,59.0,n
x,31.16097,-83.497427,4377.976,36.25,1546515945.0,86.0,n
j,46.082613,-67.329592,514.986,26.52,1545385702.0,80.0,n
k,33.811672,-117.468775,5690.938,42.53,1546339759.0,12.0,n
u,36.640937,-74.543018,6622.671,8.26,1545480608.0,90.0,n
i,33.077763,-104.466375,649.386,42.38,1546581472.0,26.0,n
l,44.830394,-116.175416,5133.688,13.42,1546624269.0,60.0,n
r,37.067834,-69.724179,2089.489,19.74,1546779285.0,56.0,n
z,31.590897,-113.855224,2150.781,21.41,1545924609.0,90.0,n
l,39.079578,-72.678546,6821.374,12.15,1546316967.0,38.0,n
u,38.291827,-80.136578,2676.388,27.85,1546776165.0,25.0,n
r,41.450263,-110.257808,1623.433,30.66,1546604102.0,98.0,n
c,29.529232,-105.837979,1538.537,35.18,1546073135.0,42.0,n
i,41.54069,-114.197801,1904.705,17.04,1546488673.0,17.0,n
w,39.623757,-114.30651,2969.518,19.64,1545896395.0,90.0,n
e,47.022389,-92.169321,2053.506,39.71,1546665776.0,66.0,n
t,28.311819,-92.970324,1366.245,8.87,1546485652.0,57.0,n
h,46.492215,-107.182576,6730.604,39.88,1546555066.0,74.0,n
z,31.660393,-99.975096,2006.976,17.72,1545614257.0,16.0,n
d,39.402095,-66.781008,1770.919,44.87,1545544283.0,95.0,n
c,48.111551,-89.130351,6958.838,24.59,1545363385.0,70.0,n
x,41.09628,-100.580712,4039.521,11.02,1545659400.0,34.0,n
h,26.574583,-120.313138,5529.466,18.61,1546053564.0,56.0,n
f,25.912379,-122.927839,1314.201,39.12,1546510777.0,79.0,n
k,43.008396,-93.167328,1791.8,30.6,1545675536.0,95.0,n
u,35.460903,-108.947862,4711.297,35.79,1546450641.0,93.0,n
f,38.175951,-92.005493,6512.513,8.23,1546203568.0,57.0,n
m,37.922105,-93.538169,6640.82,11.0,1545341013.0,27.0,n
t,40.109427,-83.525694,3416.386,14.5,1545320627.0,70.0,n
b,49.176007,-78.390543,883.746,8.42,1546426028.0,79.0,n
s,47.514609,-117.38443,5649.354,26.03,1545398027.0,73.0,n
i,40.246275,-82.950036,3255.873,35.83,1546898559.0,68.0,n
p,43.125217,-113.621526,5964.59,17.57,1546177131.0,72.0,n
a,39.010559,-81.337284,1653.415,35.18,1546539992.0,61.0,n
f,39.646423,-115.498107,5272.209,41.5,1546791095.0,16.0,n
s,39.143917,-74.058718,6630.688,31.36,1546188758.0,95.0,n
j,44.840177,-104.090382,4210.585,42.9,1545678613.0,82.0,n
p,30.934304,-116.564837,6086.436,25.54,1545607837.0,64.0,n
c,26.241895,-78.887481,2686.376,30.5,1545793783.0,71.0,n
f,43.039851,-94.499116,1745.322,20.47,1546814714.0,31.0,n
i,32.722993,-114.504372,3918.959,34.81,1546599759.0,94.0,n
l,34.66652,-80.03934,3945.017,17.56,1545826769.0,64.0,n
r,26.911381,-112.319102,1835.947,28.23,1546089836.0,65.0,n
k,40.349794,-109.589526,6511.43,30.96,1546002344.0,68.0,n
o,42.646627,-89.484122,2621.622,14.89,1546635126.0,18.0,n
m,38.133619,-81.303272,6757.936,32.41,1545453722.0,37.0,n
a,32.370215,-118.385156,785.263,15.73,1545695339.0,71.0,n
n,27.52836,-95.31574,262.882,44.65,1546278354.0,17.0,n
q,48.18596,-98.060706,496.884,18.09,1545831567.0,60.0,n
a,40.929725,-84.589262,4587.551,31.66,1546166898.0,70.0,n
w,42.693185,-112.438893,6706.52,20.13,1545605858.0,41.0,n
s,29.464804,-100.02444,174.903,43.02,1546119944.0,78.0,n
b,42.201285,-76.694462,6214.336,16.4,1546539757.0,95.0,n
o,33.134109,-71.660715,4701.998,17.85,1545465144.0,43.0,n
g,30.95799,-74.65844,3731.54,6.26,1546371195.0,95.0,n
w,46.473483,-112.262416,2592.121,7.4,1546850329.0,44.0,n
x,46.159069,-103.868203,269.211,35.3,1546127953.0,79.0,n
r,32.473857,-74.702717,5199.487,37.32,1545660528.0,78.0,n
a,35.681456,-85.346195,248.088,25.82,1546009039.0,46.0,n
b,41.208735,-83.474125,5949.288,10.94,1545771824.0,80.0,n
y,44.310158,-85.92197,2335.935,35.1,1546165221.0,52.0,n
w,36.233244,-123.809003,1227.536,26.34,1546667025.0,59.0,n
p,30.904582,-75.442085,5739.574,12.58,1546838746.0,44.0,n
d,47.840368,-120.893114,4874.778,22.74,1545533249.0,23.0,n
g,41.778985,-113.397308,6103.914,9.9,1545360139.0,64.0,n
h,49.646272,-120.447908,557.827,43.69,1546164903.0,74.0,n
w,38.286278,-116.619526,1872.324,17.05,1545870057.0,20.0,n
k,47.012484,-91.149452,6942.66,8.45,1546322371.0,36.0,n
f,43.478039,-103.578888,3999.085,39.93,1546473715.0,12.0,n
t,42.742016,-82.957377,6121.1,35.24,1546617902.0,18.0,n
m,41.458528,-71.649387,6239.746,11.01,1545473544.0,20.0,n
h,39.19581,-110.61104,3780.312,38.03,1545569987.0,69.0,n
y,41.229666,-101.194096,4897.696,44.53,1546738502.0,36.0,n
t,34.002362,-112.359509,3292.922,40.78,1546803312.0,99.0,n
o,27.483355,-118.633577,4795.729,9.3,1545943937.0,86.0,n
y,46.26455,-92.683969,2499.326,38.98,1545364005.0,69.0,n
h,43.070573,-118.833845,4691.342,24.54,1546688575.0,100.0,n
f,25.51198,-109.242832,362.705,23.4,1545811885.0,76.0,n
u,25.811451,-107.9508,4064.046,29.85,1546276791.0,18.0,n
q,47.785284,-95.792447,3418.609,11.17,1545706329.0,53.0,n
j,37.861501,-81.516307,5965.401,39.77,1546266574.0,32.0,n
f,49.476998,-87.03382,4784.666,11.57,1546779308.0,53.0,n
o,34.315168,-105.476515,1407.436,12.9,1546824820.0,97.0,n
y,26.958399,-74.598789,4925.649,14.72,1545839467.0,29.0,n
h,32.778438,-97.083679,4453.92,11.78,1545544284.0,42.0,n
t,28.249519,-112.842011,6448.848,18.2,1546113799.0,35.0,n
g,45.876783,-121.707654,4263.076,18.95,1545386620.0,96.0,n
n,43.805478,-82.852488,6748.057,14.71,1545313597.0,29.0,n
v,46.425802,-67.26289,1183.101,26.16,1545746742.0,51.0,n
o,45.276717,-95.867023,5979.273,9.06,1546396379.0,78.0,n
d,26.684849,-96.882739,6196.205,11.62,1546064679.0,40.0,n
o,49.981057,-98.588823,1174.413,26.72,1545581725.0,67.0,n
p,40.043969,-71.814227,258.05,26.8,1546266883.0,22.0,n
d,40.357814,-124.006811,450.914,23.9,1545692836.0,71.0,n
y,32.811494,-110.980614,3548.259,6.13,1546631006.0,79.0,n
y,35.328081,-72.678177,5604.561,9.33,1545929786.0,92.0,n
m,42.50017,-120.582386,3883.001,10.93,1545938760.0,83.0,n
w,29.346682,-107.658987,4318.305,32.07,1546250750.0,17.0,n
i,36.242884,-108.077241,5985.787,35.65,1546307268.0,83.0,n
v,39.944223,-107.287543,3288.228,41.33,1545480959.0,72.0,n
g,27.793567,-92.33951,4711.372,42.38,1545597548.0,74.0,n
e,47.555105,-96.677722,3566.374,31.97,1546837585.0,62.0,n
q,26.314217,-124.990677,455.036,22.97,1545998732.0,99.0,n
q,39.534216,-90.284092,2711.952,37.16,1545770830.0,31.0,n
x,47.804572,-84.707372,43.047,19.37,1546094362.0,60.0,n
z,49.289213,-75.632036,1350.517,41.99,1546648294.0,85.0,n
p,31.086877,-69.365167,6876.207,24.75,1546682523.0,55.0,n
x,45.293849,-120.697867,3597.089,23.41,1546215339.0,36.0,n
v,38.829025,-110.824089,743.192,42.41,1545560739.0,22.0,n
w,34.280701,-119.152071,1614.102,6.05,1546911991.0,50.0,n
d,36.681348,-97.012059,1154.584,41.84,1545387879.0,69.0,n
r,35.899447,-72.609069,2472.066,33.33,1545710764.0,52.0,n
e,39.868643,-117.61208,862.08,9.65,1545301258.0,37.0,n
y,36.578618,-104.842769,3553.807,41.04,1546108418.0,43.0,n
s,42.941755,-89.557016,4394.292,22.55,1545681073.0,38.0,n
s,47.007617,-68.66789,5534.714,42.33,1546555999.0,84.0,n
o,28.640248,-78.486899,3328.637,31.3,1545942596.0,44.0,n
p,47.611224,-84.823391,4189.351,22.82,1546344683.0,31.0,n
u,28.651277,-102.924266,3310.731,31.16,1546375905.0,43.0,n
x,28.093009,-87.633992,5437.832,5.41,1546557003.0,72.0,n
i,46.282453,-119.338197,4312.37,26.05,1545618124.0,23.0,n
r,36.240508,-114.007021,2733.855,18.46,1546010349.0,23.0,n
j,47.556666,-70.864252,2672.762,43.69,1546054601.0,39.0,n
k,29.023451,-98.435765,3956.978,26.11,1545332760.0,66.0,n
a,38.995228,-114.379426,1398.448,22.82,1545891547.0,30.0,n
o,44.355297,-115.17013,5324.648,5.6,1545482227.0,52.0,n
c,40.62224,-84.30088,259.076,21.77,1546232831.0,24.0,n
l,26.098448,-120.294007,5620.725,28.07,1546584343.0,53.0,n
y,37.499819,-87.710076,3944.565,22.52,1545923574.0,16.0,n
g,38.397798,-75.989514,1786.982,36.21,1545575196.0,53.0,n
s,43.772573,-74.455135,1310.682,39.12,1545841907.0,19.0,n
u,31.528203,-66.912075,4040.591,15.62,1546888280.0,19.0,n
z,31.236567,-90.369786,3625.631,31.5,1546438553.0,76.0,n
a,37.963965,-69.510453,2490.14,28.17,1546245933.0,67.0,n
u,28.744815,-80.249663,97.868,7.18,1545792117.0,75.0,n
p,42.48725,-106.050289,4463.675,6.42,1545816270.0,43.0,n
c,30.586987,-102.127054,6283.073,43.14,1545791623.0,11.0,n
t,33.460593,-121.654362,3372.735,23.63,1546448972.0,36.0,n
z,32.272856,-74.058661,5682.143,26.97,1546227600.0,74.0,n
c,25.70438,-99.77625,4382.77,31.99,1546551997.0,75.0,n
c,47.136334,-114.310138,2066.165,39.78,1545740317.0,21.0,n
r,38.688578,-78.083783,4328.097,33.47,1546777403.0,50.0,n
p,29.711068,-80.12666,6118.557,5.33,1545763065.0,34.0,n
n,42.694092,-109.285203,4129.724,19.81,1545568477.0,92.0,n
q,27.29979,-76.413963,3789.788,26.4,1545795814.0,69.0,n
l,46.630339,-77.345033,3752.699,15.5,1545665889.0,63.0,n
v,31.871709,-101.712258,5190.398,13.53,1545896429.0,62.0,n
i,31.054599,-118.756508,4423.949,26.93,1546674820.0,76.0,n
c,38.528098,-71.052553,3679.36,17.94,1546312090.0,96.0,n
z,36.796925,-93.969443,2218.368,28.95,1546637230.0,52.0,n
w,33.603806,-105.611761,5269.085,33.73,1545741234.0,48.0,n
z,41.765598,-104.449722,5242.067,13.13,1546532110.0,75.0,n
o,26.953517,-77.276955,6957.158,5.44,1546386448.0,100.0,n
t,45.826221,-66.725402,1800.733,33.4,1545625417.0,27.0,n
p,43.177997,-93.507255,4943.305,16.06,1546368256.0,68.0,n
u,48.522974,-118.011502,624.529,14.91,1546611266.0,73.0,n
m,31.017964,-84.313366,6415.713,24.56,1546211844.0,14.0,n
s,39.386613,-108.731282,5706.013,41.9,1545668150.0,28.0,n
q,32.994293,-94.35613,699.212,43.73,1545826117.0,21.0,n
n,43.695707,-123.888696,5284.155,13.99,1546450315.0,40.0,n
k,48.915808,-113.300046,6816.702,29.88,1545814588.0,66.0,n
c,41.104005,-72.069121,4154.322,44.64,1546770642.0,50.0,n
c,35.007531,-96.835599,2721.82,23.12,1545883887.0,12.0,n
h,46.174683,-70.289382,1636.413,28.19,1545356432.0,98.0,n
p,33.579398,-96.022107,3745.292,33.69,1546037061.0,20.0,n
w,47.358897,-123.061697,6658.643,19.7,1546193791.0,24.0,n
z,46.480631,-79.07841,2140.084,37.66,1545841141.0,10.0,n
k,44.627707,-91.385696,3778.375,9.42,1545718821.0,69.0,n
v,42.319134,-95.668953,4313.108,36.26,1546674428.0,41.0,n
p,31.23584,-89.711499,852.951,5.81,1546687634.0,15.0,n
l,37.595184,-118.614286,626.905,25.25,1546821213.0,47.0,n
o,25.524182,-105.929248,5895.651,13.15,1545887181.0,94.0,n
f,32.256007,-115.944285,5781.446,15.35,1545448155.0,77.0,n
l,37.744134,-84.40178,125.203,13.47,1545628081.0,73.0,n
g,28.472707,-122.723196,222.221,39.44,1546160767.0,29.0,n
y,48.108821,-78.134239,5938.874,8.61,1546905506.0,23.0,n
h,41.387916,-80.626665,203.805,28.0,1545343343.0,48.0,n
j,38.700042,-92.258386,552.488,35.45,1545682683.0,51.0,n
a,49.968824,-95.789407,2909.777,6.46,1546731398.0,52.0,n
c,29.098192,-121.633395,2029.419,31.07,1546260690.0,37.0,n
x,32.785504,-101.991174,4905.286,6.73,1546003077.0,92.0,n
i,37.008402,-112.547583,308.564,7.99,1545822451.0,21.0,n
f,43.270142,-84.110971,5298.772,37.13,1545421434.0,86.0,n
h,36.270154,-76.760162,1724.895,14.37,1546218962.0,12.0,n
t,32.853464,-86.138135,4946.877,22.19,1546661288.0,97.0,n
z,34.03535,-79.655852,3706.899,20.44,1545526265.0,44.0,n
s,32.789042,-80.562988,6973.135,43.53,1545840593.0,70.0,n
j,47.125789,-84.303142,940.082,26.24,1546555574.0,18.0,n
f,28.801883,-99.108261,5499.944,13.5,1546092744.0,31.0,n
l,39.797285,-70.781729,4878.784,43.2,1545416772.0,48.0,n
t,40.327495,-110.174744,4426.152,27.89,1545797156.0,85.0,n
x,46.08042,-78.443669,1680.56,36.16,1546002962.0,40.0,n
z,28.486306,-68.972404,5062.079,14.45,1545688500.0,91.0,n
h,31.632269,-97.849904,5368.193,15.38,1546323795.0,46.0,n
z,41.781323,-106.263867,5070.937,18.12,1545612453.0,38.0,n
o,25.960162,-93.339691,591.237,43.59,1545806071.0,33.0,n
r,42.215038,-83.185088,4496.552,41.65,1546825320.0,22.0,n
l,45.753922,-110.201619,3760.168,29.31,1546206658.0,50.0,n
j,40.431981,-121.753835,3888.779,16.32,1545421131.0,30.0,n
a,39.201988,-87.390444,4567.833,26.4,1546873926.0,14.0,n
z,46.391114,-119.889941,5764.514,14.55,1545422260.0,81.0,n
k,45.172316,-86.323796,3459.149,43.07,1545711565.0,58.0,n
f,32.839691,-78.00373,614.979,19.53,1545994588.0,48.0,n
j,37.473426,-101.793209,1943.125,14.2,1545803108.0,28.0,n
t,29.989782,-68.798828,4019.07,19.81,1545945528.0,97.0,n
f,48.070273,-118.158434,6957.352,34.68,1546524657.0,89.0,n
a,31.282812,-102.517924,6446.657,10.43,1545637294.0,71.0,n
d,35.06408,-112.403116,1332.187,43.51,1546457100.0,32.0,n
g,48.688123,-99.12263,2235.911,37.64,1545441082.0,50.0,n
f,40.225321,-91.157457,3962.999,16.88,1545391372.0,69.0,n
k,28.631825,-89.549489,3945.778,12.55,1546209015.0,73.0,n
m,43.660072,-67.351531,2646.382,24.75,1545479444.0,79.0,n
b,26.402318,-120.625249,4122.813,41.89,1546052507.0,20.0,n
y,48.64085,-72.611217,2121.388,20.36,1546476516.0,51.0,n
r,27.794495,-101.372501,1370.517,32.37,1546317188.0,63.0,n
s,34.561321,-111.405041,6817.675,40.2,1546148030.0,73.0,n
n,33.662394,-75.408187,527.524,22.93,1545351603.0,64.0,n
y,45.773482,-107.0483,4340.475,14.8,1546063418.0,80.0,n
z,33.087135,-81.736847,6537.07,24.84,1546365298.0,91.0,n
w,27.464933,-88.158351,6982.976,6.62,1546874906.0,14.0,n
y,28.212667,-91.322394,623.336,21.19,1546111776.0,86.0,n
g,42.036463,-123.929677,4292.842,43.26,1545644929.0,51.0,n
i,27.029312,-96.474201,4204.86,19.11,1546321471.0,25.0,n
y,35.057421,-71.530638,3242.287,9.86,1546682378.0,80.0,n
t,32.346058,-79.028828,2107.014,43.89,1545625573.0,92.0,n
f,40.019981,-118.135199,1599.515,8.89,1546350227.0,30.0,n
i,34.217225,-90.950145,2207.709,8.21,1545292880.0,41.0,n
c,47.66892,-104.790724,1645.911,37.5,1545352011.0,45.0,n
x,29.469606,-118.29048,2210.868,35.96,1546630278.0,84.0,n
f,45.713868,-122.594713,4523.122,24.68,1545505840.0,46.0,n
d,27.600099,-81.691941,4092.416,21.33,1546771417.0,36.0,n
y,49.128443,-120.965381,5174.728,15.98,1546537634.0,59.0,n
y,44.497759,-77.16776,4236.623,22.76,1546874028.0,90.0,n
r,46.574204,-86.350266,5111.288,41.02,1546474361.0,71.0,n
